15

-0.2798585829690842696886231216030958371983086346512599893363689091789023004367537047165651320284202586198344900519754313478795881706408667276503138788658667209436136483423012333516554698167154747212145009224140165622527257089738263290237786534579736861430047376936704496394644120667790223456981678806914827512727e0 0.8260738575495964390648292910239518179369604786330374838419742798764713098156072066542177870160549500516049603349082587657847049764628098044207202055422263590130428743542759619846828985432360854291100200233690292595316687706961181195173770283705345518967666462320336532359225999098317338196946231237356245414056e0
-0.6062421707013165094295819815560982535237228283117619037130625898332953653794726514228577338862482811592462774694765052786090678511167703476373409121845278662883930459987744071674111804453565736326704118823909786468856915893158703299148979134821169388658027871222796931573163935762023747955846724699175277565772e0 0.5002085865887170734388934194528386538862019943439470098355813544656864735502705650474661199865344737808016695088197479099168750254450498393693685334771864683854908133186386071380041668413393987581880832022509703509133770286242830982061856334834049601746394096562185933790252309739329872611284906340248658780191e0
0.3810723737063953302901632714365989401953961468654731363122220731611313333025772444800132852916952465942555478593416631685831960429875590604391310217700677116803068836117260149208228752672365756245547025321040313816549987972847177331976652984869080179854823909157203033067387086564628375822346177315216008586892e0 0.3938060214705413955638941645664722776185215088619692517499785911599313618017730421590138357027648029352779939476408139292824997038628777238120787209748026933618603267811303033612197252441060738348843485074514056056135472531798014864253981406237322798709990186491558493765766882196204232243391844889316464561254e0
0.9405047560811701018538550865538213956650197084427938491691818031987390283669190385962694458293095229217375258299025725873103260520846429707783468985124226377922463948460869136543087886869271478443038915657863018847854089618403218886181513032577804202878299350635291429739556509900481853380343742692396416186147e-1 -0.6045900556038314824723960357419649597381499932368119241300702534169764846585816330517981485675053328716307893419563198877859172489775458329626580183730128767884793258870728018161231634883849073923991854687389305131628967628030470846264772090284397382290042560473265070424313886053146565075360365054559045953733e0
0.8173385787296183130980874983407845468281486739664942547270316171049458228323961271445652179193431441104533111031287337818658288790182582633033278090732909997330211479641716751306364290348490462899157523217709839260611782595659336012566848602787703782548234965258514995606466823044008187180976794327690973829296e0 -0.3520484739311805430427375706831110974495727206803289917951016989511347148085630690589022832792699185431312232763687252204744082776798145404476692125136578136735393388266174524598790011973662812209721313023222469121316540068444183982990612576013189589941706490311466723220928971657163531676442524225729226420977e0
-0.8648756339885600709348877941362321559602505741378767000347025455042306014119920628316932266157206691830132329246865373453714695668608300697258779607507293100853860773410215490717841226409890549612903928417065884317082400288158753496282590853596530495198769258318168581082964588982873951313760161103266957598716e0 0.3428716440650433182236946472359974445741074552063919548783891796453869669991594297198085387964874074786440544482743780126945206787952126062741229374997151063555309954101759690223436183977206780901055472543487269346805422910031383706685964563459079813743943014991518433905016330988234726599204803599250217648358e0
0.8884751207244324942216097643318584072211073837153265451917064764519066472177575059775083857699921291669803024229348256189159265178060019589024231941324252858481106228354929913954837254823236893832704754077790092473260777694995952446994123185129973955459549349659262960815940060996821236464247782179951393661679e0 0.3273090089771957882304225567281368801359759740044719543792216594121281033403639731040916996081987020454332530368767441815743322647160484814623723992134259457722606719382171236358354671080736975535860963517769857003828153300990104173492951152262624319910784279617869854369201652528587388507050021489315051159778e0
-0.9717436720488624218940841293643247798398275286655255510518677963957198939523164777263442671542240337188781272818195975665247629543783813170102494992738948339410689355925073051360093648041797537284995402675272949729947863056023513094050357090779537883411852605054816956442013007572204435930032439123716766463575e0 0.3370144844991572609880436483466553479589938824729905877719183869221811796903785631855527388493742792531880122992661028824674299708088202112446969060362044971476527345721548911819605426300654696721816214856165167139286204820733703444529392028105921814483987494895085130526450039608564505756531299632832182566468e0
0.1431360070041593905771591990900469440898196918655657764349531320454410242102546855421399138444063724123866933845195280697774609974690090814808154649165851815917856874495383128605314392268148120990080665740307696532563206181981275145204305386596991669096267299207252016784774320621454496626226398637792851796922e-1 0.8370523593109923490091860962837068915678642694979828384379659415793682726686653058136892110382058678739232966643968807984286529832382544466722352473662842218557286374205018069999721267141159360573932491534380453122819768098842063603406851461101643586581970362785054002949363658223415587146906988247776652183909e0
0.1474884127100598809203630598716703630941296651386128512187936198198429073100845855127855964746535352145767564927128628491137729176538154648331473567786242085620122957717942655276912661241283965307369621005180975109899796043791271936953001774964532610621069383621856429628140409581584320594274270383732167773305e-1 0.9736557966949892223117849444100842791046632723291104220891123854085064707988280362950510314248273855954281989192752823434167840518622858384927800124642978146923117282355155807930652014456262029482981185465694068365383430962911752275012717704288914795740542657812915140212768183165932742617879473121292273525631e0
0.5930519802309205141184619109204014393913315556794152449267779461423258024743200097420347586679780544637921370132640057624968101001774632655167762447570976955398329962801256782507243013341896355674219388192828456921049359646681138549537673244868223618147276229293381385739796665998441236296315781356641114268613e0 0.6442231628433398514968962874949509830821918102981176801974431774610127580164271848086825591462114805416936908754739439490140039358391974779780040473808181302275125673091457703645405079271764977451326557565549180898811821844101805642356925940584567599473462379535357706741590675087380242996163724785792951695360e0
0.7638601701463215455836338813253225177832631427250448773007677304917260227585787262728116704970908773738039185159321353975273309638376664848265013762257250059110582986377873917828800392944735557323820793691888463657643228041757277934084209638003893212022098688208632604044293360446843296784146581209377052204448e0 0.5326237751259916426013395200737680632292246214757403675620170069750675675214361989564460667203542966564315872086388030779786897720084021258571585108773677361280391224324088001550914168257836790233911907483767282195184575507915723779131990352048651707293745053667879813932570509764130543519640306065786060236378e0
-0.8115959122406808650594726634169367716014059384470392686004409103405885097733490867031969389817432980600512763058355195962741570061668141785834886267990527659019665307434065084157562418281279515219668349632423362694947323889607992830284222607726985273178893840124366925614806143303129077161505029957500018513778e0 -0.5473775350514808420490295697447862357744517820460785059616509981696096210716484505814338261842481571954207107028950050599678162288297058638191586847205403370300249747606665568112270332319259420838608546458244223749347498557331664862335364483926135859675879115415857265222248929373000868849235894481762420665890e0
0.9286618936317095650188987970295847708491162353328854499568470469056584725864610515499609826343407786915674274199451307731068250033796997416273577291464321037199911495687154895895346910875937125904886719981623698119984170704323628684924511971163803312422400477449843036541378766554417823941667734077812334735612e0 0.5289122371346368587841690814611851144717017531963604984479731744133834081696426078184698298557471453346329892831949616648700225695459172069060598338417137973826475809140212876935657940777530265255404068174669753506693088864031837038723496592448215775630139822959129321882945695397884176638163330928267244322297e0
0.9578308165072963090907540120605796444518246974229647147745402329927024939712758913000089659675691476878284674982331401127254613242295778822467362773374464972702430619205402714046858604103934440715413480962584319466004255174216008801769611983208105558314950874038774283986387122662215403279243666971219703750507e0 -0.5358189853273070570642606862197649213524653842814611940329538796662129658320158756659266485457913586253210446424083495578446000313028557984667691053873290604244781481737453016039582794165436263129504080963600102181295955743734769749402115659534376187528986603606824864429222108175879600585552005358069678410467e-2

