10

0.6822018105035936549580595684823956852454731641331058990369872121207198217827712719591691864387117745345394799805945534540547682658773093475437444311069838444804841365088102588676049323560209136614601720459359427341214373362160603279172713805645278553806379288410344841813241110720462371193634267532683042998141e0 0.8123150632022176710884680873420086731558959415674575822102348335884572521081670447593799072407070517922142083170787027821021763300692393470204426582802097750588873679111868216351156502576817795212065788382985208708866786125269191117785330838163828326244180942674608817100264638450235081475448896307712017423301e0
0.6481590936904226966891580674222493201645747283934183114709938985106452122453388513666578402748130470983377733630892596808778210754197008054786173353506283124954693330121110701766338640254960583778866207831766748893167902148204483275351223770757553298175059923803199327218632780267752376777819547025925192153342e0 -0.1627174666311619022166576168969152936444678748117635229517469913665667289247988625143228810556393781651310006836047011699765182048435221982357944944362141917587236347735429511618403784069473536131350367955791162831793181397473348903672770963294436638594989675992570298137641039955831433746802803440651088759861e0
0.9852543499841461239829108815222623917350540475031371205233361944242700675219241014644644512258048536911308105595225038789464601882049618609730701186750212509659630503677278561502768791744328703716153121424265384174240776163384103646459787176963682135273123065066543503097965594227919590315517561631882510023581e0 0.1425040426763189391615002196790194549582856124664230544325204692035494409373639442245688819669227146677475503229223224017442137016063175457241300140368970531308659474571712402896973414635441247848577651459045591882042332754215515870090447922532128412278489753114093309500062226983539504960180081323017607756453e0
0.7437109645403996972629960481158608661042458263265203809561310852437726407838825499296505188587786108546691641722573049699570962832734673642640276078100957457208774580256204081823892608496943109627021173369639380345721637369510493440934351634452341450801898363875513838840314850842075069985331042220920513342107e0 -0.7495257619573635164641385613673989875518771314968239460302418128604789713190583067133903926680552858246780660286884776052385671541854290105469781203959011945291901445351874026501660176318903299314005582914528453277483184826106649989345108444022151644215488835613205414811036762718710056528294378764848911954454e0
0.9352048936156911791999160540085201974522512449030682932821377804285196128045211325652301630103848213440462244547069157158699030808093228379535089454552697350891106168858873881797142957503484499022184441094050999258595020088423488580965560072269252733729645555896966678396104376746554785558881069553140359261380e0 0.4427336996469997508076993923308989003815092082331800126984404698747504746450965728988139838615993854865418295503620975434685770409774876492721109312287962380596220026650386424544207795784307504326890188126781313969937752633145701080172976850165703089650728305223517351154772395437176789461156884609226297023211e0
0.2160135992592693449796019182161812966588685734035016735191344247555162262082697228476131278895711049011859869301641586669186072451951687755906873139073744608423851320230581964138560640475185478797764723195622829195418041542654265667741762452074432695711607779921411053361054152927328687379426582627259835966425e0 0.9175025386834770370508947008106885401503376799296397198592592061307217693437105087655833633884286278002931611132790504767999136243496094928161891397636314685721297718972147393844886959036926731357232289699506749767108692357675478478543500371783476929517939115125467774502479369089325299078906562996899400454588e0
-0.3679764055037815427732847817280416968377665751003481916717462298074387599278174794105866760102808572270626812592792024495235519234203731901043957782128168710427245392032745360615437903912414001426473963836948850375578382712324474831821493005046764520561168467369226935259899135897262336612433852329194892038145e0 -0.6036293725798278573160351839370184160079538274697734554297755187045652350475502731746977693419013325078906371878911596539070328555727735572698849459142987464333338969688118204273483536767498428861866604853149628950212723795216870198696204899275480006215993950935322862830245046400696005954039536830233780600052e0
-0.7801324699796504405148299816763925200645250952332747708621830843605016225206874349884294577218918061901834960450281767338939026999192332794183626741327836834792765170857108150326547679671306238372287737507806805498914196974659020506406112478822358632418367050527729946141982297967844432887471682333567699438335e0 -0.7102789522430454955048061904524470409236849975278628335100201460213235861398255525949451278424115676356768024456961878985757009143377787475109439587882694711763134085538659924891324227555051343068773685613606865342401764048014738454584219595224265919203577170599071524996257346620094100498521380021651820915945e-1
0.7015059026104347992845905500862003762744911417084004115723619865805723980613510632684901708680511427398947114935810224974509244637564668774414753597596572530797055973818897044352502319231346924163553810397341463562873912909965826555491501174765325354540867855189709121255890035786021338903186331017074038004170e0 0.1305048250847742339683216123659411556755870937396425769682707516460335198078836938211280651961700338795457397520687413941198340277171856059587814929608420123513666323620970060017410189743822291585615644971613933035451292557254565060183042125190579209103751760695683712195143954209711186749368139548709573606927e0
-0.6593153347510771254189624002539513359287457487598686005885849275709676999327515873066352096695640244073544413194193444444853872788847206501170986729717927271680121887331954902127400785081936352158449963047296453903718753968276753676491711339712134668077779807905757533433729781122511084693342851543651454465947e0 0.8253763017989127620266486292844779854769650259221076361863566805201430494363109302616288345019440745324810366618835416584715436312171767834071528688304646212931083303990315458290064707908405307641970398471801727484233816799313997273795968401190599262960907073319298483087448212426185404728909465680219177861392e0

