50                                               

2.601508405447031e-02 2.359267057357702e-01
1.925498673761153e-01 -3.725936159960268e-02
2.183528047561691e-01 1.604848219078050e-01
1.175109626425482e-01 -1.905943962427340e-01
-3.784839333051426e-02 -3.003294215766940e-01
2.419936590822276e-01 6.427005386335949e-02
2.052613060173706e-01 -1.303400712238542e-01
3.616470940161352e-02 1.978416691359503e-01
5.132597789026618e+00 1.109417458350783e+01
-2.197099782944532e+01 -5.207630641997384e+01
-9.442401934890094e+00 5.098927222041136e-01

0.148525576720869313693e0 -0.130107396713429935017e-1
0.102806924022354258835e0 0.626405551131733756581e-3
0.937415925196587786973e-1 0.244482081695859808379e0
0.486233933100725991537e-1 0.173881145147746145563e0
-0.160608458744375038785e0 -0.434939696854657443549e0
0.383318637739729746895e0 0.119714002253550125119e-1
0.261034394065927946799e0 -0.265631786014188225978e0
0.122557940365762331636e0 0.282621189920095990643e0
0.238515478093598151596e2 -0.112028671798955484475e3
0.443562822567206376228e1 -0.150910099907255522448e2
-0.370811840908272723357e1 -0.158000444823016715794e1

2.225720548538971e-01 1.638696026545775e-02
-1.443097910596644e-03 -1.843976479880270e-01
1.857930415379310e-01 -1.743590337399362e-01
-1.560622304657664e-01 -1.413061364146390e-01
7.752464097011076e-02 2.186248012812378e-01
1.321082770081004e-01 1.427249383941072e-01
2.819710130861824e-01 1.218454419321598e-01
2.575363009201410e-01 4.806762696393796e-04
8.151404834539354e+00 -1.223960177636228e+01
-2.175351092012015e+01 -1.718849772608650e+01
9.764023656464433e+00 -4.367156685362362e+00

-2.661657834651780e-01 1.917283811976115e-01
-3.215084297549935e-01 -2.830998564029752e-01
5.570817790594104e-02 -5.568556640640711e-01
7.251517241317038e-01 -9.103591935028621e-02
5.767026362403608e-01 -3.884502694084709e-01
1.186629956985615e-01 5.627663907583768e-01
4.797258354036906e-01 2.860224355473737e-01
-3.682771561600864e-01 2.789245017224412e-01
1.185620618088581e+00 2.091175461817743e+00
2.507971881547534e+00 3.931604003979836e+00
1.140681479748886e+00 1.382268333916317e+00

1.798864452857659e-01 -5.034373628442664e-02
-1.152951971480990e-01 -1.800668919283748e-01
-1.097680286075872e-01 1.976349280208386e-01
2.530657301787575e-01 5.403133138945033e-02
1.665693197456571e-01 1.214214953059478e-01
1.685075186225986e-01 3.836789987263319e-02
2.679301441988591e-01 -5.215270994523817e-02
1.891040677240483e-01 -1.288923164308302e-01
-1.808887455090492e+00 -2.854862692146725e+01
3.090827372282286e+01 -2.461271031662233e+01
9.632684235623028e+00 9.523221500543762e+00

4.055235813278399e-01 -3.270800311459884e-02
-1.714846856853068e-01 -4.329591087042899e-01
-3.169670301558392e-01 3.767855445882248e-01
5.184964970691827e-01 2.208991075886830e-01
1.447600628239278e-01 -4.888571300390445e-02
-1.442339576677741e-01 -2.847678101461556e-02
4.655238963990156e-01 1.017472818678096e+00
9.838163588895432e-02 -1.072127865017594e+00
-1.654616877047186e+00 -2.220103498115388e+00
-1.899986756770864e+01 -9.104203792286221e+00
2.635808327768491e+00 1.098537092691169e+00

-7.054329042988987e-01 -1.191581005875202e+00
-1.068327494023649e+00 1.170877992348422e+00
1.625690180751207e+00 4.070492042917548e-01
-9.835515085395130e-02 -1.915738351344350e+00
3.656360189182462e-01 3.698107378164413e-01
-1.282154386986348e-01 -4.836921518136638e-01
-2.417272213216935e+00 2.942872242519071e+00
3.426277001422614e+00 -1.299598667942473e+00
-5.271628922305144e-02 -4.639044240238569e-02
5.192364536984710e-01 1.260675132721693e-01
-6.523037896825404e-02 -2.377056915423820e-01

-4.245777051759853e-02 -6.791427868760306e-01
-7.292117398603374e-01 2.737054294148795e-01
6.205302200808707e-01 5.414351039057925e-01
3.850582598173806e-01 -8.604124862940596e-01
3.316554873303130e-01 -1.829335133247266e-01
-1.722974358210172e-02 -1.186339114703809e+00
-3.395228354417394e-01 4.670759111060639e-01
7.911781221732126e-01 1.626611456771891e+00
-4.546526671781024e-01 3.787848666169950e-01
1.100436389601951e+00 1.509612925288010e+00
-9.557627184856876e-01 -3.584317538355716e-01

4.225140000465290e-01 1.258865539989300e-01
-3.565319519744065e-03 -5.046205077190420e-01
-4.678958263449436e-01 2.564372260675479e-01
4.372564856890870e-01 4.263783841131844e-01
-3.716781087718438e-02 -2.425646296492497e-01
-7.253367291153994e-01 -2.545274997787396e-01
2.082153742452065e-01 3.108213660983090e-01
1.165979825876449e+00 -1.178108931309399e-01
-2.140839267972853e+00 3.892217873592648e-01
-7.890249271662966e-01 -6.823660647389880e+00
2.288289887940774e+00 -8.229292565148898e-01

2.640136670848706e-01 8.227074767132733e-03
2.461115871442945e-03 2.219387197703791e-01
2.691951150309987e-01 -3.393402654477610e-01
2.944373949263396e-01 2.139559881377250e-01
2.405246694980816e-01 -2.434076639414370e-01
-2.179582053627567e-01 4.749853074386432e-01
-5.188204761041770e-01 1.499663675299904e-01
6.661467190552003e-01 -4.863255282546727e-01
-2.966742637742603e+00 -3.750134439467599e+00
-1.028527932468359e+01 -5.364484414789109e+00
5.099161050598727e+00 -4.197585347254577e-01

-2.309753839735942e-01 -6.627509919766046e-02
1.719833623786732e-02 -3.133373901727508e-01
3.457126195710489e-01 -2.203324714950140e-01
3.810610650448161e-01 3.760538483130644e-01
1.334288759529202e-01 4.645015472935861e-02
-8.914671453364319e-02 -1.026340756181984e-01
-2.374683485024699e-01 1.007011872961949e+00
6.801895502030548e-01 -7.269368395207481e-01
-5.203766737626587e-01 -6.093153199536113e+00
-9.483981206896424e-01 2.663100681458172e+01
2.006016149828420e+00 -2.670155666974257e+00

1.004232024768328e-01 4.866243854481235e-01
3.940162578632734e-01 -1.153638885728208e-01
4.865198629424325e-01 2.917219346796732e-01
2.075917539614177e-01 -4.202499708485657e-01
-4.124732287331009e-01 -3.279007046272402e-01
7.632572597283118e-01 2.549950176110117e-01
3.155211983091288e-01 7.694211411400926e-01
-8.548563065482958e-01 -9.392479148302736e-01
2.020974099356070e-01 1.317077170976788e+00
-2.288217181271758e+00 2.204230599501119e+00
-2.138653030658977e+00 -2.870537123190017e-01

2.505712862999650e-01 2.207477461764399e-01
-1.764328594713309e-01 2.181943201526109e-01
5.356766320090934e-01 -1.136750377953485e-01
1.144407146057378e-01 4.456818749690366e-01
-4.352436293161781e-01 -2.850242544164681e-01
3.536953237212574e-01 -2.451337406401070e-01
5.806390019261348e-02 -4.138493372545384e-01
2.992286319588421e-01 1.730584288083745e-01
-9.196536865711920e-01 2.180425360985540e+00
9.015683345444469e+00 6.530881252983020e+00
3.404488432012093e-01 -3.182981298718508e+00

1.640590429714777e-01 2.148797534241674e-01
1.659516219043792e-01 -1.495319654315338e-01
3.073598687227423e-01 2.822139011547758e-02
2.612327270091391e-03 -2.550184085235969e-01
9.461277322770571e-02 -1.055404862060214e-01
-1.524177190473618e-01 -4.170192028702866e-01
-6.234452470445746e-02 2.069009923513840e-01
4.801666096554229e-01 4.771079271404099e-01
-7.690561710840835e+00 3.048027468575480e+00
-1.314822748124133e+01 3.313333120157975e+01
-3.748980392902374e+00 -6.250966296188670e+00

-6.403966082468020e-02 4.094660612555631e-01
3.415113442427582e-01 2.525712579660944e-02
2.945733611985716e-01 3.702831265071818e-01
2.851732872791741e-01 -2.674464821633799e-01
2.389292637060958e-02 -1.446462030582756e-01
-8.917341184148062e-02 1.093063554209810e-01
1.071665195101846e+00 6.468121162099327e-02
-8.636030415267980e-01 -5.669011953796730e-01
2.162809478889303e+00 7.713646123869287e-01
2.033828648598603e+01 1.245556543412645e+01
-2.587766671200344e+00 1.709803534686650e+00

1.160011378790210e+00 -1.279109676837379e+00
1.965857298207109e+00 1.104819502714760e+00
3.240921057228749e-01 2.928075204631634e+00
-3.633556817173267e+00 1.264232084643514e+00
-1.245504337787077e+00 -8.443690403387059e-01
-4.168874809892256e+00 2.199607387145914e+00
2.265621369884581e+00 3.599987908965848e-01
4.332353812247825e+00 -5.733254252856322e+00
1.875606628308578e-03 -1.637270917018223e-02
2.111647683902809e-02 2.101749687544817e-02
1.725349643686742e-02 6.233063118780567e-02

1.755807685130188e-01 -1.114349364983464e-01
9.978283797985261e-02 1.434508911560160e-01
2.520033145792350e-02 -3.400834932006450e-01
2.864037100885846e-01 9.089225223990041e-03
2.461363712123769e-01 -2.106810342700133e-01
8.505924377517621e-02 2.541318723871187e-01
2.373645919695939e-01 1.067027008959852e-01
-1.555278549965260e-01 1.488247743058946e-01
8.822986847473247e+00 -4.262825243298960e+00
1.016349787550923e+01 4.496295287542460e+01
3.661524407785116e+00 7.397959304235845e+00

1.756645762683657e-01 2.914419924673119e-01
2.282250315776929e-01 -1.642282926180036e-01
3.806638730087689e-01 7.764346104340492e-02
3.839357890220430e-02 -3.187045384997499e-01
3.410753035703104e-01 1.178711460545099e-01
-5.510444038506827e-01 9.089892538865330e-03
-3.789864449583225e-01 -4.251220684783369e-01
7.660084854816630e-01 4.120084074919982e-01
-3.155959029222800e+00 2.692295793997349e+00
9.583592999791783e+00 2.447767143943607e+00
-3.167923345401088e+00 -3.336247810145187e+00

6.180798502875656e-02 -1.330974631641222e-01
5.099993891908736e-02 -8.739960669549190e-02
2.545892034446567e-01 4.003735025553325e-02
1.722103436508235e-01 4.387242258128009e-02
1.242431028252940e-01 2.421557650735006e-02
-9.212068064565963e-02 -7.967761963733877e-02
-8.245643882043012e-02 9.232931041297013e-01
5.107265455974717e-01 -7.312437639769119e-01
-2.553283342395639e+01 1.173754782509123e+02
-1.655384914431418e+01 3.314993900192020e+01
3.333575095338461e+00 -2.489535238475927e+00

-5.227750471743092e-05 -8.073985988924698e-02
5.160398652222294e-03 -5.543495582675087e-02
1.362953093114937e-01 -3.910546115602595e-02
9.608970334201022e-02 -1.807592994805751e-02
1.263861629437536e-01 1.609349513994218e-01
1.506407241962612e-01 8.210935243104998e-02
2.700448841431787e-01 2.244525109010997e-02
2.154350949157979e-01 -7.213334810050041e-02
-7.203157248242132e+02 3.634393952569445e+01
2.936943831399919e+00 -4.027754255428432e+01
1.338456343109777e+01 3.124572104332777e+00

4.275950506771755e-03 6.873917757694277e-01
7.510163955210247e-01 -2.346700219388969e-01
-5.951346072908626e-01 -5.813104066497089e-01
-4.372043239891201e-01 8.459549996762400e-01
-2.531962860886592e-01 -8.956180902726133e-01
7.652411162838298e-01 8.408325030366151e-02
5.640624086249232e-01 -4.906527950495427e-01
2.009393464320920e-01 5.848212881614326e-01
3.730984285425287e-01 -4.362458404527455e-01
9.955388866834547e-02 -1.941975702660959e+00
-9.700643616665596e-01 -2.439400215955429e-01

-5.981954685781877e-02 -1.672594841615236e-01
-3.030428799621957e-02 -1.186811454811021e-01
2.534921117899231e-01 -1.818263121558928e-01
1.857359342774367e-01 -1.085176941266866e-01
4.528278495665207e-01 -3.163735116110657e-01
1.018844683559758e-01 4.454141509461436e-01
3.849370157727589e-01 2.206947857416296e-01
-2.887535449085769e-01 2.265492108484979e-01
-3.783434587458813e+01 -5.617268191953261e+01
4.594162974624417e+00 8.086712839970298e+00
1.731560470446385e+00 2.250478089353876e+00

3.668815705564495e-01 -1.039930681904603e-01
1.003230923517013e-01 3.043172817205931e-01
2.222037796369926e-01 -5.845159620220697e-01
4.986018058221812e-01 1.658059107975300e-01
-2.246533020175085e-01 4.399882975147343e-01
9.245482949560610e-02 -7.487874892044124e-01
6.484065476469278e-01 -4.329628841161517e-01
-7.042183234923505e-01 9.601479135002369e-01
3.974528703349794e-01 -1.538689361599680e+00
6.445286802855097e-01 3.801020959763370e+00
2.114853696728338e+00 1.246473546127518e+00

-1.284104862303312e-01 6.194194203121328e-01
5.187375016847557e-01 6.417776907214261e-02
4.212429141119876e-01 5.866435279968130e-01
4.548537756580395e-01 -3.862859488273557e-01
-3.316129765520621e-01 -5.489363143028697e-03
-5.036191199630558e-01 9.086875443551814e-01
4.613468808639056e-01 -2.069281705336850e-01
1.074615104267604e-01 -1.580224779232200e+00
6.335170388180348e-01 1.249762587197908e-01
-2.263108954601798e+00 1.618775818942513e+00
-1.033147565370834e+00 8.396107356613610e-01

-3.372533899172999e-01 3.584935761752132e-01
-3.129320364384873e-01 -2.704131831272591e-01
1.416650139616873e-01 7.945910073089788e-01
-6.620545114035034e-01 1.471261119487846e-01
6.107389411304738e-01 1.325614930792618e-01
5.143189723890013e-01 -1.001324848528755e-01
6.790840300540547e-01 -4.730154951761675e-01
3.664329802240734e-01 -5.892110253559358e-01
-7.058100964557280e-01 -2.191972420077470e-01
1.188913661876076e+00 7.721421565743078e-01
-6.070340769306504e-02 1.472290588069311e+00

6.497549319497504e-01 7.979076640499710e-03
-2.086625331291376e-01 -7.139178922677072e-01
-5.598257509527232e-01 5.523190008291531e-01
7.918988977743857e-01 4.280117051479765e-01
4.331972227972654e-01 -5.895542499998158e-01
-3.135593282638517e-01 1.072396271386118e+00
-1.050880550293253e+00 4.783103995645510e-01
1.258077110117564e+00 -1.235544311300776e+00
-5.401489815371125e-01 -4.123590943851034e-01
-7.210531742384939e-01 -9.430026864777340e-01
1.094934074274674e+00 2.326441520039152e-01

1.200474667276522e-01 -1.455128025349179e-01
9.178302736380002e-02 -9.217510183704176e-02
3.036951525642936e-01 1.323687928354592e-01
1.999815089363739e-01 1.104225445295507e-01
4.718254900871582e-01 -1.238231460442502e-01
-6.123699571533777e-01 4.242513070901661e-01
-7.452841508828423e-01 -1.929445981403441e-01
1.170321462356942e+00 -1.125869958986216e-01
2.960379389885536e+01 4.818204212484379e+01
-1.732590680462654e+00 3.610454597629190e+00
1.024947360221204e+00 -2.299804672460070e+00

2.118456585466973e-01 3.422257953986350e-02
-2.121390449021320e-02 1.790646252551032e-01
2.523474100584624e-01 -2.452573478263498e-01
2.148543694131870e-01 2.031502081139370e-01
-2.116159219261096e-02 -1.358038488325996e-01
-4.066111688821864e-01 -1.415267391417853e-01
1.170595790992758e-01 1.737904546752331e-01
6.528796484473880e-01 -6.763993178340216e-02
-7.763382218231602e+00 -4.388238778456723e+00
-4.195264314361323e+00 -3.887070164751891e+01
7.307810068930758e+00 -2.586303472250442e+00

-2.453504442422811e-01 -2.971896982882357e+00
2.282232904435566e-02 -2.056133007944728e+00
4.899163948635333e+00 -1.850404507142225e+00
3.482588300594724e+00 -9.550845413524562e-01
1.897720379748836e+00 3.306379980752827e+00
1.193598857283728e+01 -3.763413380908540e-01
-4.758584132562876e+00 -3.336946279547178e+00
-1.623434895405536e+01 8.240426676206969e+00
-1.404507909394182e-02 -2.770464186870715e-03
-1.533577602807016e-03 1.002348731236282e-03
9.308628329207029e-03 3.856684833950513e-03

-2.470124564243381e-01 -1.708789272734195e-01
1.457081908556531e-01 -3.641783316677354e-01
4.975349220076428e-01 -1.226279582695233e-01
3.008276136948735e-01 5.977602830478312e-01
5.289166549587233e-01 -2.298052851349461e-02
-7.469942541749668e-01 3.093749530430839e-01
-7.462312955623188e-01 -3.758281359940378e-01
1.267250624644731e+00 1.493586456272950e-01
-2.735501706583226e+00 -1.524085975202153e+00
5.985536680515953e-01 3.074901565967798e+00
-1.540488993252909e-02 -2.137544263278506e+00

2.367354318575377e-01 2.168801678845087e-01
1.627211946916077e-01 -2.095184048574930e-01
3.652115081278897e-01 -3.130151081599014e-02
-5.029023427155352e-02 -2.986667303987177e-01
8.308337352395596e-02 7.743392428655647e-02
-3.229225912664981e-02 -1.044015746365719e-01
-5.012158246990526e-01 6.637198240902823e-01
7.360468098962644e-01 -3.141456955525747e-01
-4.880782506317862e+00 -7.568455864963344e-01
4.799650141501728e+01 1.810748746634261e+01
-9.563105077277119e-01 -5.078966683714711e+00

-1.785621132076402e-01 -1.139719726866860e-01
9.316684300403419e-02 -2.604810043184431e-01
3.474497789848469e-01 -9.944241960549939e-02
2.276576616093458e-01 4.134259477475035e-01
7.648998820285749e-02 -1.680033713541683e-01
-3.517954402462353e-01 -4.589207522539707e-01
3.078796271820061e-03 2.814089635795547e-01
7.825144853809709e-01 4.059846088917090e-01
-7.266806609024521e+00 -5.183638270264537e+00
-1.549908631716989e+01 4.493602162531771e+00
2.876854811153144e-01 -4.287790120786974e+00

-3.125232519305722e-01 6.343131880861318e-02
1.739993785076151e-01 3.208776678900360e-01
2.113839300762025e-01 -3.229058437112390e-01
-4.241913023779622e-01 -1.233507583480251e-01
2.685677887817305e-01 2.273769700141070e-01
2.821578316789066e-01 8.620486188682880e-02
4.626560788874379e-01 -5.560319601850894e-02
3.379495463766417e-01 -1.960310205218120e-01
1.595477058344234e+00 5.523685076797425e+00
4.995852707724410e+00 -6.172954219744062e+00
3.743413639986781e+00 2.754737259552811e+00

1.210736638817729e-01 -3.266266567223361e-02
3.171726016033082e-02 1.004857338528023e-01
7.550765914388867e-02 -1.912742131802752e-01
1.632592408659025e-01 5.660380913372931e-02
1.147369541233309e-01 1.104030557612497e-01
1.249349166866235e-01 4.704453709799059e-02
2.105223510930458e-01 -1.179974263165867e-02
1.582479540451050e-01 -7.880051436160448e-02
9.519447675986273e+00 -4.366153481697133e+01
4.030613419152421e+01 -7.564984137141528e+01
1.984273727896171e+01 1.102569015571666e+01

-1.252066360584917e-01 3.300981386262174e-02
-7.844169200296298e-02 -1.498034246717090e-01
9.929183806259051e-02 -1.973351983459456e-01
2.801118979497542e-01 6.901704588340421e-02
1.308859317574632e-01 1.814028141329628e-01
1.608843470828522e-01 9.638472700436343e-02
2.939572455960301e-01 3.652832230369514e-02
2.385170676127649e-01 -6.920410016939262e-02
3.904564149444948e+01 -1.733834456747482e+00
-1.524235771339118e+00 -3.087762398047038e+01
1.137617155555724e+01 1.695265287850064e+00

-1.070520376085035e-01 1.749416609589008e-01
1.512571519561057e-01 7.642038024100542e-02
6.426188925008662e-02 2.251647275563613e-01
1.811198798392107e-01 -6.803495733105136e-02
2.112372848296146e-01 2.866668955120748e-02
1.721985658184341e-01 -4.786790056104518e-02
2.182065298653849e-01 -1.790899414580480e-01
1.087707360496670e-01 -2.102006589573306e-01
1.265443571775351e+01 -1.410141317100541e+01
2.456368895100343e+01 2.593482588152925e+01
-2.502580908582925e+00 1.241512089528209e+01

2.189655596328621e-01 -2.401623890063296e-01
-3.361536264320703e-01 -1.593344470675427e-01
2.031211855992437e-02 3.928032622575073e-01
4.231823774434416e-01 -1.536596465943945e-01
1.992733559807261e-01 -3.923278880783277e-01
2.388688840766775e-01 2.746271947524005e-01
3.533035393910021e-01 1.045197548508109e-02
-1.177522086525634e-01 2.676019382516056e-01
5.426880083276528e+00 2.273993398023131e-01
-1.503430337150967e+01 1.060733083211811e+01
-1.433898383005951e+00 4.238896043423477e+00

2.703766837253586e-01 -3.440083014971838e-01
2.077657380023841e-01 -2.187763525119426e-01
7.114794191895237e-01 2.902614008527562e-01
4.697822633647643e-01 2.450673613006518e-01
-1.087273469609813e+00 3.130309067188422e-01
1.396672087311046e+00 -1.017383740013297e+00
1.738765938821204e+00 4.064766358690846e-01
-2.707568660804467e+00 3.253320892810885e-01
2.092384624246174e+00 4.019861541252753e+00
1.590310124265732e-01 -2.787522441070046e-01
2.105361974831934e-01 -4.179846805314971e-01

5.099540765646495e-01 7.838211478503476e-02
3.450621520010547e-01 8.663272884036552e-02
1.140933801326305e-01 8.988804533703826e-01
2.047977944604490e-02 6.244652424726627e-01
-3.988696175581202e-02 -4.432456827942878e-01
-1.788464824034132e-01 3.890844782363034e-01
3.198442881613155e+00 -6.256366167985563e-01
-2.969298825598309e+00 -1.008562718111905e+00
-1.349039965265848e+00 -2.412399281269788e+00
2.199642378244379e-01 8.237357946840224e-01
-3.355923405020550e-01 2.588425892048668e-02

-4.530086926294105e-01 -5.713334418355651e-01
5.956251886262847e-01 -7.429090163040604e-01
1.242155715614382e+00 6.659005143261515e-02
2.764991386539046e-01 1.600792161575348e+00
-1.244662192575297e+00 -3.201897370024633e-01
1.953431242532236e+00 -1.909498033023163e-01
1.467714336780430e+00 1.399924767486788e+00
-2.837754737002529e+00 -1.241924982050346e+00
-2.034957284658990e-01 8.064681151423683e-02
-1.929102257096085e-01 -1.036175993309764e-01
-2.041045503021477e-01 -2.998611882575422e-01

7.349856089416690e-02 9.964892492969447e-02
4.404686271860877e-02 7.314377674687342e-02
-1.327286263332054e-01 1.722493394438125e-01
-1.022099422120066e-01 1.097148128598273e-01
3.024324456192921e-01 8.377032385421310e-02
2.606886825206516e-01 -3.562230098204039e-02
3.538619841332135e-01 -2.178944355741608e-01
2.004100326592791e-01 -2.850104412782195e-01
-5.590418230716454e+01 1.919863401919495e+02
1.028386958771800e+01 4.427631389754207e+00
4.189392505482064e-01 5.828904275059569e+00

6.563233103604630e-01 1.347626687294047e-01
6.693217251114464e-02 -5.495558074780215e-01
6.205037603488415e-01 -4.473432329013788e-01
-4.100533132733453e-01 -4.809873665868665e-01
8.395892960740361e-01 1.588391510781128e-01
-3.825534399103993e-01 5.943062490751589e-01
1.720795961916423e-01 6.644411889058892e-01
-5.628213823023829e-01 -7.446285082229900e-02
1.082144259909491e-01 -5.325670697820721e-01
5.839626771563046e-01 -2.444026735290573e+00
9.237840624892975e-01 -7.449312505530231e-01

3.624021838042922e-01 -2.846336810405311e-01
2.518169574651686e-01 2.941470574850805e-01
-1.986833481619200e-02 -7.554010127068781e-01
6.334751242254328e-01 -4.348384517981287e-02
2.452032817415284e-01 1.642744105751618e-01
8.153186483121182e-01 -4.359208602393220e-01
-4.447684515405598e-01 -6.817141209297473e-02
-8.435794091917888e-01 1.129189343199278e+00
8.905456769321962e-01 -1.339500054366558e-01
-2.752084117876908e+00 -2.830902404179987e+00
4.306530961831673e-01 1.624964445589384e+00

9.837669820297752e-02 -1.252702246658643e-01
1.880977129783304e-01 8.881181350902433e-02
4.894955753272470e-02 2.672966301983341e-01
-3.260663182431306e-01 1.400614486100080e-01
2.630008491014999e-01 8.091670869657358e-02
2.293714745355691e-01 -2.476304389443443e-02
3.155524324852914e-01 -1.822126056317547e-01
1.827175934067373e-01 -2.448407268218863e-01
6.738747700714997e+00 -1.988649542634359e+01
1.575623665903117e+01 5.252404828943149e+00
9.723381281496599e-01 7.538594992997804e+00

5.447739118978718e-01 -8.401902620933951e-01
-1.101978428586828e+00 -3.152186064879126e-01
2.593596474261015e-01 1.183799673985455e+00
1.209058123032007e+00 -6.799845252758318e-01
4.120268146266335e-01 1.049402222512820e+00
-1.139653848047914e+00 -1.290593698381006e+00
2.409439158064594e-01 -1.762869485245892e+00
5.754698638456675e-01 2.655654680985763e+00
1.598554408319883e-01 9.450847591600252e-02
-2.260325316303305e-01 -2.326824282848945e-01
-2.868553226064459e-01 3.740488757087436e-01

-4.688575434055409e-02 -1.994798880255118e-01
2.403270964103391e-01 -1.177096857732001e-01
3.079481008117654e-01 1.654850353430550e-01
-1.211181394292812e-01 4.401884819630120e-01
-8.602762128550334e-02 -4.257561903271964e-01
3.531128669656311e-01 6.629383495770821e-02
2.798996582228798e-01 -2.082962148162453e-01
7.274379264472333e-02 2.792746266783782e-01
1.230990584014449e+00 9.784105286628662e+00
-3.372279449145249e+00 -1.883064454081978e+01
-4.572232416324302e+00 -4.314107913370890e-01

2.080361355810133e-01 -1.136769086125615e-02
1.692521955898105e-02 1.742487495197601e-01
1.886312503335000e-01 -2.848604337424520e-01
2.458414241056118e-01 1.482534912994319e-01
8.869263016770594e-02 -1.549039695906529e-02
-8.144899793965424e-02 -2.951871947289891e-02
1.798848707744831e-01 6.343254405855784e-01
1.534374674183594e-01 -6.155904403690978e-01
-3.902576674292654e+00 -8.928397727648409e+00
-1.029596504394718e+02 1.179784457166193e+00
8.190897374262947e+00 7.337787003357361e-01

1.176680937084703e-01 -5.226513019615183e-01
6.996259895193658e-01 -2.204718236153563e-03
5.350667119371292e-01 7.409952102722664e-01
-7.877602306700624e-01 8.967250370069406e-01
8.614626966845243e-02 -3.029778582481927e-01
-2.169177263066690e-01 2.116768175753781e-01
2.272016158057316e+00 3.984329893322335e-01
-1.705845265914004e+00 -1.419996175740952e+00
5.496666269831131e-01 4.891403901385513e-02
2.352063793117998e+00 5.002158875171006e-01
-4.630263929310888e-01 4.868885888743333e-01

6.294512400199096e-01 -1.393812884335689e-01
1.393492213562287e-01 5.234961277950867e-01
4.325963822875561e-01 -9.646391356968016e-01
8.251910995187034e-01 3.289484618774998e-01
-2.630001806441923e-01 9.192075135502933e-02
2.635305094449679e-01 4.914464324618412e-02
-8.683820538367351e-01 -1.846197766360770e+00
-1.587362181464390e-01 1.956708206217342e+00
2.559733063538332e-02 -3.278751716306941e-01
3.084878698304390e+00 1.600247465432992e+00
7.856165701961260e-01 3.470746845024553e-01

8.915113484732107e-02 -1.028278276566025e-01
6.782415087443472e-02 -6.485836137950041e-02
2.166956401509726e-01 1.008309922486871e-01
1.422821039458051e-01 8.317125708692882e-02
4.734541066738457e-02 -1.674201971438965e-01
-3.931111791632766e-01 -3.774890494003921e-01
4.293603569490073e-02 2.617514982953206e-01
7.868767029824576e-01 2.668416879494552e-01
8.804149611666102e+01 1.221847249469750e+02
-1.898660758471914e+01 -3.312886954946023e+00
1.750623347162045e+00 -4.509700075888635e+00

