8

-0.6088016837064633095167486892778109927666058133198874315454777926531712026639763334700291138157736304884437773516419943415566643025477907130320109352066919243168519349269637501080471120671103830329471063961267158081782513370971155686090470064099490496431788591311525499973077217007430512098137329249015007882825e0 0.1055182008897103733757679006572026426474846271034050017142338927496909872791916283309857705877513489276241073917223064923028474343874971300507559142470323613621380580964399393676998135354492911164149593365312762396740817998752124520871350418991681405805735331342595024900684800164110677672250549723619827302940e0
-0.2386573767016441894560577852341474570299602629018656380475543753830771118487679502941470258764150344662673075991289551776163460272733376411459065205987668446049130009179370243058448391519329807868546363910049513545182301852697316965032536778771907774705610229399240339816053350852498441282712812476793002769232e-1 -0.5943566597428868450886498655430552292196665069953937532746688462581555768049775352124359214531814130237425546869629295510100207929499814360333923981428840448607364513915831712753606482501605249986150836208116809686699822318285990698453778634629115452041163962345824925865366842447816246919120785298295176316267e0
0.5771059457966263842885038828210174289451127465546084504814299932509827074220869375255263422791846318030881691974658750109859035394142100537709317426345164118257893036290237239928399550049757186676402557323793759421638697708948683244820288343173234513974394993354595473636528308435990038932371462147604469736446e0 -0.6857153441935432705109605573939521418405261762257192023940540633713251008068025067593610767895523795897497067627784574698570239270577906743398617582739855298702525303469939864634794493147445574565995142953096897645915320108230619096704673917101024960894422286261389494604704778808048530567061106645042419193017e0
-0.6945903629692933043540381366511737811011902118258035922074841202851899282212749935901642310288772486580345967108184428520867090075538780160943903391808497685674648800306513014588876858455637705262502952237383490613412608578007927919160578229852876985464322747204886031559957475047422174290894275193567537432480e0 -0.3519898475437154505895169962574424386111650346755886541457506210313491501375167927864751566018315794816435965011903397140164707934079887077527242190289980045477067432099033997704566657661766278740634168449007281576385853336694645321970504504126671325031456405712358056534051299944442998862332764677157466456421e0
-0.5693741432565832708323021962417389665148883408482866759364653371008046992231723553190655682384307902622144544792116834112374505330627896893889939328364134622520303336068779841687063614450470936451658542973198223103060269879245053949355727849467624777530061149440538541479476619866918109603948032735298450283514e0 -0.4472049365849670219107500416089127776238807572591265642129334144349178974655068492676205467882110048818814180325521583627936950436208947164899355498852290164813086865150199266602977094685275253644652395210750332848405157877815172502798968307442110610841989724782604099705651894537310246769113880372161734704930e0
0.4341855177448200175849563394042323579078356949289369624716094743324757575522526022806806888106681314180835952511588236208392105320250395502388358375666255747423347517150764692870428087463233231291231212369158238835508569304315947457858568996504883123379750425519701831416658725336220832676236134766795878778658e0 0.5889218597072127390304554266726599642203394608796928881434949969277946387493936864572134902179505776739372585405887242549810053755867616584551805614581108274117804685088673410193405819622239693073208757405207194191596832866922494287527491437302628871380059473704127799866043700679115480935369365998173811549411e0
-0.8817369973903740863868097489192569673220232123281195809141501888079564638783435103667427734842037808081672165437447186882269810212630949351787324666787297252255748133371099208608411482559924027985762355748792317507577489751986330891547060870868000384034308824690386241406835711962141870094028144772709973779465e0 -0.4338169012844356217443218908452309503534990330853992761170429689066556881947438220733598338877536313049180956860359851620876621899147763073454811287841919515397100578117071814114163482582553930557142362799973298542862641887878145655686482725051077607786245266455771896130794548531979813426116950590188617531984e0
-0.9578607613070387186993913684956396620866510760152667355219826812514533847203876190050345915732667965610889345551922010280804411869528880868393871044512392048172465025111497254929987835849893787270879464367386906621710545683089480477445638081394358210445831136994411109351640718074607671740616511579736859521475e0 0.3604547103594147600532956549884259460776293325706669007971300095662169116855885316345259884228699428919621822853020534663170737790572836299838817884480151383506989555602765929934378919402078172355850077319415193862333810365782230721850739092598887545235604707252004478800195571100412406810147310775997306674422e0

