12                                               

-3.869790482934599e+00 5.270448685608636e-01
5.427117459448311e+00 1.091423990876252e+00
4.608928798815243e+00 -3.961510537161596e-01
-6.356165834217353e+00 -1.609989423765153e+00
-1.764672920672010e+00 1.273333250935908e+00
2.954582979560409e+00 -8.856616328917115e-01
5.056913326002065e-02 -1.704039836526010e-02
4.799107271679311e-02 -1.843608325761543e-02
-8.160739336842562e-02 1.004895574158043e-01

-1.993004788794000e-01 2.647812616980170e-01
-4.582733751268529e-01 -1.832818335658334e-02
2.518931482787002e-01 -2.100332674114030e-01
4.373778403957251e-01 1.212919608474014e-01
3.454889068248574e-01 -3.082143247848734e-01
6.228139585069699e-01 1.505025530074416e-01
2.491663030448197e-01 7.390986276422089e+00
5.464832320346929e+00 7.925414422000033e+00
1.430677558708264e-01 2.672287568732731e+00

1.470607733985344e-01 -1.212739858967938e-01
1.370839505376807e-01 1.060805157211730e-01
1.971344597499839e-01 -9.156752185539933e-02
1.207905080674509e-01 1.564552760054876e-01
1.946416075919341e-01 -1.851499905973025e-01
2.032887006544161e-01 1.354557066228350e-01
2.708937864302848e+01 1.762353443129834e+01
3.319231610158987e+01 -1.998486417336705e+01
4.738159478616446e+00 1.355561360251826e+01

-2.692450974838211e-01 2.665134821129008e-01
-1.333483235924252e-01 3.538947566949443e-01
2.092972492794437e-01 -3.754422569213305e-01
3.361154518101972e-02 -4.277733032387639e-01
5.604040598460630e-01 2.181547890701863e-01
5.992805667697200e-01 -3.534746771793695e-02
-1.875375573205356e-01 6.689563103669352e+00
-5.543243638790699e+00 4.740300568110485e+00
8.822046111931674e-01 1.524607197951976e+00

-5.764806950892976e-02 3.105202900087148e-01
5.051858232506858e-01 -2.635397602447799e-01
-7.264662833717248e-02 3.619503409858233e-01
5.949206411651353e-01 -2.994467312026352e-01
7.492959063294591e-02 2.718290540120305e-02
-4.474135720266458e-02 -1.366670449483258e-01
-5.950034110883234e+01 -3.956073157199690e+01
-5.538197503489036e+01 -3.191892554169635e+01
-4.218795324573373e+00 -5.759859481108069e+00

-9.574870888972400e-02 -9.929876931801650e-02
-4.345697191981612e-02 -5.277219806886425e-02
2.468693225301151e-01 2.357858051949656e-01
1.128298028158303e-01 1.260645023739161e-01
5.177424916711493e-01 -1.538418603500104e-01
2.617640637924457e-01 -5.593747983199079e-02
1.070081725489986e+01 -1.766073373067867e+02
1.491811529299914e+01 -4.771414592613903e+01
-1.604269592140266e+00 5.253614307232676e+00

1.338775868980487e-01 -8.879156552013077e-01
6.383065576617033e-01 6.104271092852021e-01
3.076217297286961e-01 -1.016044126810470e+00
6.429771693666053e-01 8.227105924483654e-01
7.800323816346688e-02 9.407702994086187e-01
-8.007862818185199e-01 -4.699482191304088e-01
7.534246751526185e-01 6.955643178597890e-01
4.871969429096418e-01 7.616672007642677e-01
-6.176922256588615e-01 1.363889776934913e+00

3.059896793881618e-01 -4.518425839686718e-02
5.524324801539682e-02 -1.597241785084541e-01
4.029640776259562e-01 -9.503368091013875e-02
5.552755745093702e-02 -2.193018539112980e-01
-1.441248490450173e-02 4.091112230270512e-01
1.946879224240499e-01 1.101327486997067e-01
1.674738089574488e+01 1.438073979318347e+01
6.139871419692662e+00 2.527331340589774e+01
6.705811253298426e+00 -3.601645556077066e+00

1.851070964335773e-01 -1.561030378810507e-01
5.199881107876283e-01 -2.410945533794274e-01
-1.790439578501108e-01 1.440832218515105e-01
-4.986513636423648e-01 2.174259844557584e-01
2.878969712023873e-01 -4.377802509108614e-02
6.847031430688828e-01 7.946641004429528e-02
6.193784164397974e+00 1.425012062946982e+01
8.020145090356184e+00 1.987164866428356e+01
1.476013643879309e+00 2.749100212162165e+00

2.282277195184809e-01 9.928101699776717e-02
7.944101945533258e-02 1.072187460915953e-01
-2.416917645942725e-01 -3.343447267828142e-01
-2.276620426478536e-02 -2.200185064240253e-01
6.741966319113556e-01 1.142841149092697e-01
2.825925979738886e-01 2.335793552082072e-01
-1.275325085780315e+01 -3.303474813825596e+01
-2.230054126118089e+01 -4.493612977866445e+00
3.044878908858528e+00 1.406443707700737e+00

1.482172999840016e+00 -1.609396470790189e+00
-2.929013386969401e+00 1.051259344133768e+00
-1.833335341484159e+00 1.835163854154548e+00
3.520429971214951e+00 -1.104299453306898e+00
-1.670390007841475e-01 1.086487856378841e+00
9.267847581827388e-01 -1.259215130570070e+00
8.953348092402016e-03 2.635445797938550e-01
2.302356458898691e-02 2.515548832436880e-01
-3.254512050514132e-01 -6.479532481526941e-02

4.715772367577505e-02 2.449920363476537e-01
4.015818103717257e-01 -9.528330117721920e-02
6.332005927250128e-02 2.833972288485664e-01
4.639134023961890e-01 -1.247146966916820e-01
1.479859546341705e-01 -6.866209285190629e-02
-1.239589503503617e-01 -2.397291744754128e-01
2.265960235920588e+00 -3.333697414877989e+01
2.115693426065093e+00 -2.423830078965358e+01
-4.423074033144079e+00 -6.306429146246245e+00

