32                                               

5.502043281735152e-01 -5.037618595180593e-03
6.820692753085056e-03 -1.821472795233537e-01
7.735845334285552e-02 4.898615241865349e-01
-1.421987081698508e-02 -1.371824682636831e-01
-4.561477501967966e-02 2.589295295488028e-03
1.204203066873870e-01 -3.084555812730704e-02
1.674096776732069e-01 -2.013238278576650e-01
-6.403806091734546e-02 -5.850369218483051e-02
2.016592481239604e-01 1.225896250699970e-01
-2.740399643156167e+01 2.377613735966975e+01
6.969521642328047e-01 9.702375634005953e+01
1.086175063489129e+02 1.687058722965163e+02
7.900842421012230e+02 -3.505468450250765e+02
7.192579237363347e+00 -2.690915568790015e-01

-1.337313624572779e-01 -1.556974240517497e-01
1.548668576379351e-01 -1.260413627037968e-01
3.060399117862358e-01 1.577474434541612e-02
-9.812813430010986e-02 -3.257193479375621e-01
3.192981424518743e-01 -8.703246531106876e-02
4.531760836281463e-01 2.293606923252187e-01
2.186764138170496e-01 -5.183524646369939e-03
-5.976445077337661e-04 2.128003525096558e-01
-2.196002680561193e-01 2.417383354702568e-01
7.253906233764258e+00 -1.910669520172876e+01
-1.962633546532125e+01 -2.253051053826534e+01
3.124353278320592e+01 6.057825683838582e+00
8.155824015766202e+00 6.257872723375795e+00
6.750661914879072e+00 1.477259165977688e+00

5.202925299014340e-01 -5.570279201942899e-02
-2.542621906573382e-01 -2.450957406807475e-01
2.760558602947337e-01 -2.211806066254485e-02
-2.448775167227002e-02 1.746983533115353e-01
1.010099694094171e-01 -6.302378600709443e-02
-1.542431486242463e-02 9.208079231642632e-02
2.577903195254896e-01 2.271589246217336e-01
5.847696162272542e-03 -2.318224751868790e-01
1.331778818986862e-01 1.238247843069997e-01
-9.566107619352962e+00 -3.843060565930924e+01
-3.363429988923947e+01 -3.692540137239995e+01
1.518257360452252e+02 -2.288757035036588e+01
1.521408611246221e+02 1.435113962444620e+01
-5.088709018501380e+00 7.300136094024594e+00

-6.658953170159283e-02 -4.693016799302016e-02
-6.717531241676399e-02 1.497426587777935e-01
1.483372279411447e-01 7.451874706613557e-02
-8.966337686576556e-02 2.762652365146135e-01
5.808219009351673e-01 7.098062584226893e-02
9.747360234229648e-02 -5.837744822465217e-01
-1.372697709883723e-01 1.220537071367736e-01
2.941922867062659e-01 2.244743665680610e-01
2.398729740476206e-01 -2.873306916661043e-01
-7.724769735806294e+01 1.903917008352778e+02
-8.714611024454392e+00 6.468540877967291e+01
1.693351026482405e+01 3.131196313397016e+01
1.578384576914730e+01 4.833005203608092e+00
-3.922839942659673e+00 3.077946542472418e+00

2.394058627381126e-01 8.993770446397004e-02
-1.926339003965431e-02 -1.658448557914388e-01
1.840292008269983e-01 -1.665519713457265e-01
1.063977147779402e-01 1.005212045789301e-01
2.659296229512404e-02 -9.178389604728834e-02
1.340247469498779e-01 -4.709905660284396e-02
-8.383674662023083e-03 2.344799209951615e-01
1.386356351804010e-01 -6.514067561227924e-02
1.985609419332235e-01 1.114816253615154e-01
1.520981642898101e+01 -2.499223650826942e+01
-1.913238517974662e+00 4.761380741752752e+01
-1.239009896177042e+02 8.202922323305532e+01
-1.017166506180831e+02 1.289074997185087e+02
-6.457302613226727e+00 1.114774280280919e+01

4.523247534433270e-02 4.976000279087971e-01
3.728111789944247e-01 -2.884428493776674e-01
-1.211105469075460e-01 -4.460901877927765e-01
-9.519862120181302e-01 -2.693627705416907e-01
2.687751639734128e-01 8.938187463271978e-01
9.105870438909732e-01 9.254948058297688e-02
1.828304398204705e-01 8.699181673736881e-01
5.991172144295597e-01 -5.867832309922412e-01
-3.062567575274976e-01 -7.632073834882835e-01
-7.482256213446985e-01 8.715808640931424e-01
-2.787057560804316e+00 1.691302259688717e+00
-3.041202001120796e-01 -2.187734282579319e+00
-7.561303810802724e-01 -1.938894504472471e+00
8.289879964043838e-01 -1.453880548253765e+00

3.777958829254335e-01 1.415902422532567e-02
-1.740549089313428e-01 -3.696986483192965e-02
3.355818671223372e-01 -2.090863487279142e-01
1.558116903624226e-01 1.681500263733647e-01
-5.872195069973948e-02 -9.051509209639941e-02
2.335001506433617e-01 5.437822120078246e-02
4.806417282803432e-02 9.405059134854567e-02
-1.471976150840111e-02 -4.748192459411496e-02
9.674285725789386e-02 5.331536710233967e-02
2.358975283219775e+01 -7.339586297484718e+01
-7.851487153485668e+01 -2.596981619639136e+02
-5.860999150708286e+01 2.329547707319718e+01
-2.405312404587407e+02 -3.145929206217494e+02
-8.598141892885357e+00 8.548362030119350e+00

7.695410027219298e-01 -1.393886857285065e-01
6.424723268861832e-01 8.191008873679653e-01
-3.164354639777305e-01 -9.440095764165530e-01
5.423146970405884e-01 2.229694406929126e-01
7.471089825963320e-02 7.769254617601810e-01
1.816687026120732e-01 -7.240460770646030e-01
-6.190742676311773e-01 -4.368251546047863e-02
-3.334533008225934e-01 -7.558124968152844e-01
5.825540491109371e-02 7.879435616643670e-01
1.498950648738168e+00 -7.130570341532811e-01
1.037342087763121e+00 -9.578042119390677e-01
-4.042806257111797e-01 1.245185700362228e+00
8.958853990516947e-01 -8.419271690805950e-01
-1.424269634248596e+00 -8.014900400388854e-01

9.492640213630559e-01 -1.028333511069276e+00
-1.677502535643562e+00 -1.626618394875645e+00
1.262349035417942e+00 1.347111608897318e+00
7.251458934516503e-01 1.339562945872808e+00
2.265647712743955e+00 -1.155436628416396e+00
-1.831681179296266e+00 8.261866961161271e-01
-7.464703063760734e-01 3.563379806970807e-02
2.886780640202929e-02 1.247421424418040e+00
2.437955193726928e-02 -9.855279390126834e-01
4.422668932527715e-01 1.866214314600698e-01
2.776425366633535e-01 2.451590429724256e-01
-9.177298817702984e-02 1.428689049759272e-01
1.845983435653483e-01 4.035486252051843e-01
-3.627375873469649e-01 2.276102413782344e-01

-6.792122100349206e-01 -1.930607804745923e-01
-7.000930738996547e-02 -3.971746785201635e-02
-6.714781637420788e-01 -3.249609736087373e-01
4.578119588479477e-01 5.062982182201412e-01
3.703336941299756e-02 6.843079005206759e-02
3.838828559965272e-01 6.104520617237972e-01
6.818648449182658e-01 -3.581155950416095e-01
8.518295494243987e-02 -2.125251470453454e-02
7.749236970487872e-01 -2.480737383145160e-01
9.381985852568280e-01 6.027313438712666e+00
-4.913377147266706e+01 -1.098301208182350e+02
-7.504578741695946e-01 5.360936016925331e+00
-2.132283571232724e+01 -8.151184971602240e+01
-2.476131061700140e+00 -3.432220759687810e+00

3.792588011483473e-01 1.507019590185866e-01
-2.255183515415888e-01 -3.964473389824597e-01
6.703485187558531e-01 4.986014802986020e-01
2.009368232247750e-02 -3.061799175987405e-01
-2.314601390222589e-01 2.530319652430019e-01
2.016563463398147e-01 -5.948933030512791e-01
7.254676220792178e-02 1.935555900132098e-01
7.196010410680381e-02 -2.195224918407991e-01
4.111427568262951e-02 4.211520568998783e-01
-5.978321581376362e-01 5.647118901167342e+00
-6.865223074183461e+00 1.205715206536095e+01
1.300721323050745e+01 -4.642313620620894e+00
8.226590781746350e-01 6.331956578852273e+00
2.264155264912070e+00 3.121884253853906e+00

-8.590678336652004e-02 1.296203268143090e-02
2.563047167264757e-01 -1.458663453103282e-01
2.835290576905983e-01 -1.181003492194802e-01
-1.049381396906479e-01 -7.737624818902573e-02
4.268027762527462e-01 1.170709179566289e-01
4.262447058477541e-01 1.754248152436228e-01
3.381664269023973e-02 6.138769776816376e-03
-1.146071189432512e-01 2.181170259783839e-02
-1.212458572073951e-01 7.934704462496708e-03
6.069049312975147e+02 -2.080495783989674e+02
2.678868120137511e+01 2.430797549298876e+01
5.287949424720792e+02 6.096291758834786e+00
7.195902878789451e+01 2.227294761077756e+01
1.084717655769168e+01 1.000337363135331e+00

-6.066464055099176e-01 8.982940405144321e-01
-9.636067751504407e-01 -6.205377989852927e-01
-1.580361236444097e-01 -2.160226798833367e-01
-1.821341181458100e-01 -1.157902490064187e+00
1.219818481502893e+00 -2.192844390605350e-01
2.842699077229815e-01 5.443441569456727e-02
1.157884859585816e+00 -2.469664121113520e-01
2.878186603862100e-01 1.218302119590123e+00
-3.936848674732298e-02 2.896832443055805e-01
-3.940551256641017e+00 5.098095411615966e+00
-3.604326124021321e+00 5.771724320187885e+00
-4.191058334500073e-01 3.883160964284316e+00
-2.411360810968184e+00 3.392140097102167e+00
1.155644042559878e+00 9.345536784287225e-01

4.988834357750770e-01 8.717785828872522e-01
-3.667836391553683e-01 -6.018782430400023e-01
1.574507769542199e-01 8.744670904015274e-01
4.801626848106175e-01 -5.046720890126635e-01
-3.270650704385159e-01 3.632798824403954e-01
5.497755786367153e-01 -2.783358025319678e-01
-1.594152890962627e-01 -5.956684500127276e-01
1.233284402108703e-01 4.147560898318520e-01
4.366308230264717e-02 -5.437270609636656e-01
-2.494736611308970e+00 -1.751231950059042e+00
-2.922276980277708e+00 -5.039301527887209e+00
-9.357268323250378e-01 4.717212051042083e-01
-5.696130206968986e+00 -2.790006813984676e+00
1.555205414028470e+00 -1.143308479652489e+00

3.354245707306413e-01 -1.491965431186604e-01
3.510381710009328e-01 -4.088849202194978e-02
-2.493178902201066e-01 2.574314314448850e-01
3.157772994359310e-01 -2.040485895371479e-01
3.487175156847364e-01 -9.693104270574940e-02
-2.115220479468026e-01 2.999351165336355e-01
4.695519148659974e-02 -9.561044598580741e-02
7.057577717750003e-02 -7.439282406408076e-02
-7.648587349432426e-03 1.037013894548752e-01
6.880176262754512e+01 5.233812820763796e+01
2.302607701825632e+01 -7.375297136433806e+00
2.085945889238034e+01 -2.396692402906333e+01
8.345725424774812e+01 -1.328644824326474e+01
2.124839161440567e+00 -6.992932051143869e+00

-1.153283451451107e+00 -6.300427878338200e-01
-5.400196131888215e-01 1.036735908877643e+00
4.606197996232894e-03 2.961324997683735e-01
1.010956253155784e+00 -1.134960842617493e-01
-1.187263099734534e-01 -8.970753068951296e-01
-1.345807047701277e-01 -1.856114507463283e-01
5.920846468244465e-01 1.303819325325568e+00
1.149104631582857e+00 -5.495028056853212e-01
1.898583498241892e-01 -2.609592985492362e-01
5.132413525470763e-01 5.078343302739659e+00
7.158003997561346e-01 5.833588245135108e+00
3.059843822529992e+00 2.462730890830952e+00
5.594949454982709e-01 2.832152946136702e+00
-1.363522289702974e+00 -5.366588465085667e-01

7.711935677512515e-01 3.151209182394262e+00
-2.145067480936317e+00 -1.336503888799251e-02
8.775988046573646e-01 -5.769144554037119e-01
-4.702637780669104e-01 -1.625370537236448e+00
1.118093498985109e+00 -3.959047958200695e-02
-4.447993737975519e-01 3.196792765900512e-01
8.287831486289806e-01 -2.045900552755373e+00
1.178387602729440e+00 8.612263114825462e-01
-7.139259899513677e-01 -3.097370660132495e-02
5.971270357558401e-01 1.598211568502851e-01
6.123122905086422e-01 3.322673714531051e-01
7.225764236737756e-01 -3.030662987628626e-01
1.698356058781133e-01 1.191149334046769e-01
4.684479737979367e-01 1.185612581595617e-01

-7.014271284449501e-01 2.215814697195726e-01
-2.249575228763211e-01 1.106626700084444e+00
1.645471555449643e+00 -1.044408012822050e+00
-5.928605249354907e-01 1.429329971469463e+00
1.477184821721595e+00 1.860393684532657e+00
5.461423850156713e-01 -4.063280341186463e+00
5.555307118450838e-01 -1.051205337207701e+00
-9.973920269368355e-01 -1.528662372568471e+00
-7.076922708383933e-01 3.069624237978549e+00
5.658390585866946e-02 2.055904187578050e-01
9.906279696617072e-02 -1.277738748469051e-01
-3.625157663353452e-02 -1.944484667969749e-01
-7.953362307317852e-02 -6.501927782320795e-02
-2.728375332436523e-01 1.219084304082395e-01

5.730002970655626e-02 7.922855948670637e-02
9.176967423567049e-02 1.223617704435998e-01
-5.208680629202657e-02 1.369948368539184e-01
1.545684860450714e-01 -3.577905771832955e-02
2.407805554966503e-01 -6.015451381210599e-02
1.720482985984855e-01 1.641807616028939e-01
4.918660083478898e-02 -1.379077096023205e-01
7.318742118017349e-02 -2.170281593374825e-01
2.132457401946303e-01 -5.189648791687997e-02
1.599225375077993e+02 2.119570812667340e+02
-1.496586522001178e+02 1.593893029566826e+01
2.507878823129568e+01 -1.075992562925503e+02
-1.054703946741512e+00 7.110267447581509e+01
2.815625205336535e+00 -1.179226874244409e+01

-2.346612539411048e-01 3.480748111691158e-01
4.925541307867686e-01 -1.098769288322569e-01
3.545430486099401e-01 7.524955856118942e-02
-2.636290809284823e-01 2.458481579127058e-01
4.333422415423523e-01 3.303653218937580e-03
2.820812686762686e-01 1.315070143571024e-01
4.251657952515436e-01 1.184735816220492e-02
-3.613455050960236e-01 -3.617760512323638e-01
-1.280506449012624e-01 -3.441775733166351e-01
1.342483044439658e+01 -9.842596284467483e+00
8.637489746312060e+00 -3.303175100378529e+00
7.283440765443586e+00 9.359064059474809e+00
3.242132090183967e+00 -3.609795259769954e+00
4.003837734256230e+00 6.403393269149957e-01

1.612866089562826e+00 7.847998820441832e-01
-6.292602118195699e-02 -2.407489132788344e-01
1.999831885441658e-01 2.877209422208507e-01
-2.806432804132040e-01 -3.209917048134545e-01
-8.479376881268317e-03 5.854045179698079e-02
-1.719211321375022e-02 -8.149934214727504e-02
-4.065179340047017e-01 -4.553366234200196e-01
-1.126844723374574e-02 8.392807672383619e-02
-2.582210517836498e-02 -1.164127691262671e-01
8.556196502157370e+00 -2.122496439318044e+01
-3.580289348977130e+01 -9.813989127480198e+01
-2.467966216891778e+00 -6.116310170998993e+01
-5.325395574876859e+01 -1.075300503743764e+03
2.708577040457183e+00 6.078563691948105e-01

3.255737991414175e-01 -9.772992167733470e-02
1.941067930708168e-01 1.304977322814743e-01
-3.828480094253558e-02 -1.374467498669836e-01
7.542853709616179e-02 3.359795203857976e-02
1.505839666621850e-02 5.478481296138407e-02
1.473144945493396e-02 -3.137228733538730e-02
2.869268128954158e-01 1.070768026084143e-02
1.195614869288139e-01 1.572806742387728e-01
6.897525688757483e-03 -1.203198929013469e-01
-9.912048912882557e+01 9.116214548576485e+01
-3.058329423270813e+01 4.646843506269791e+01
2.284033955644738e+02 -9.327500026003288e+02
4.416630186131626e+02 -8.727533987742228e+02
-1.468336085743470e+01 -1.172539083265227e+01

-4.938051198984122e-02 1.932943502548797e-01
6.938989786144820e-02 7.178615316511114e-02
2.678302684169792e-01 -7.993028912742414e-02
1.298756986439730e-01 6.023839637319138e-03
3.666392032936556e-02 -5.375281963731045e-02
-8.633405795087676e-02 -1.603922227828723e-01
1.036967628403200e-01 3.537368494784792e-01
1.779361215429008e-01 4.868907486984711e-02
3.503219003057313e-01 -3.794549358580293e-01
3.215180062154070e+01 -4.784403175152123e-01
-4.915921327413837e+01 -1.040248623455950e+02
4.507233119068393e+01 -8.755127652139139e+01
-1.790101660537464e+02 8.177500793308681e+01
-7.230566295204763e+00 -4.288401176412981e-02

3.660292000862881e-01 -1.990654003685712e+00
-1.525276273002504e+00 -6.882748174182995e-01
9.661536248878340e-01 1.327677125009283e+00
1.248665595301687e+00 1.206445292572381e+00
1.215803356011925e+00 -7.631731174821043e-01
-1.407285776328292e+00 6.015141779059674e-02
-2.089175103951652e-01 1.255975433070390e+00
9.667161367111670e-01 4.165801026861536e-01
-6.218883532729403e-01 -8.247274325426890e-01
-1.076355323511616e-01 5.472900715127902e-01
6.261690844146942e-02 4.630981752320099e-01
-7.938782449782610e-02 1.600084081157415e-01
-3.675040250268696e-01 3.969514166192717e-01
-4.648193415564229e-01 1.372241264397114e-01

-5.527441626129240e-03 -1.538909049653163e-01
-8.024927020670947e-02 3.291302807165487e-01
2.056144547143452e-01 2.921470120178858e-01
-2.306146918873380e-01 1.453392178593787e-01
5.751145389517556e-01 -1.699253429809676e-01
2.642477327266892e-01 -5.745467443356022e-01
-7.565100713348329e-02 -5.956571089296293e-02
1.245816096679714e-01 1.713189927709969e-01
2.224840747928985e-01 1.999319981003879e-02
8.141275516262495e+01 -8.749351556899343e+01
1.919760982321248e+01 6.615125281825743e+00
4.574340754328413e+01 -6.187549312265632e+01
1.734257215093868e+01 -1.570580599151191e+01
-3.150405772076322e+00 3.823267392819433e+00

2.047326317876153e+00 -1.339947197612285e+00
2.822809236266913e+00 8.109926038916500e-01
-3.484713598816133e+00 1.377240020514628e+00
-2.429850461699649e+00 8.987554857467901e-01
-2.721538816263056e+00 -1.504544610128245e+00
3.922147862345194e+00 -5.973262373773971e-01
1.026618361703921e+00 -9.203594955985060e-01
1.641346551464140e+00 2.119341316800447e-01
-1.824145452877483e+00 1.063255298883319e+00
-6.243719366092138e-03 -8.631465046352310e-02
-4.095846962435361e-02 -8.382863604911371e-02
-7.945636532619621e-02 -7.657482403014212e-02
-5.033758981732542e-02 -1.089692805713885e-01
-1.830836453926447e-01 -1.836062173540308e-01

1.400506892110708e-01 1.152952373157068e-02
4.828398044975751e-02 1.649639967237241e-01
2.801949464562926e-01 1.071870777919504e-01
-6.863975955539889e-02 -1.565829775873978e-01
1.486653110613728e-01 -1.470723125104334e-01
-4.727937040717240e-02 -3.619114331429025e-01
1.582217996767403e-01 3.062562590568564e-02
3.445334339622083e-02 1.940897047975385e-01
3.060490597111164e-01 1.571707942902645e-01
-1.540782114026040e+01 4.403730051291631e+01
-2.850223016239232e+01 2.883218392449253e+01
-2.346904715035656e-01 5.930564189287441e+01
1.031319187056620e+01 -5.051190710696650e+00
-3.938236621970086e+00 1.000070190407188e+01

9.523017672119186e-02 -1.646219655437047e-02
6.091601569964225e-02 -8.466964443434466e-02
3.762277444078007e-01 -3.640572470923042e-03
2.083274833589800e-02 -1.189164328787161e-01
-7.384486772568315e-02 -1.073553128368038e-01
1.544932750538749e-01 -4.438950681417146e-01
6.200425779248343e-02 1.395004163932252e-01
1.532184066698707e-01 6.059258545378851e-02
1.509222430449214e-01 5.748462254698588e-01
4.123988581046643e+00 9.112179569134477e+01
6.756530554799106e+01 -6.539689847988689e+01
8.174498655720120e+01 -4.858489207863504e+01
-5.514169341338308e+01 3.633985240889539e+00
1.362052936001217e+00 6.825701607698344e+00

8.357239343243271e-02 1.039160929744379e-03
1.169207251264374e-01 8.073839038049078e-02
-2.561590633072486e-02 1.059101538541192e-01
1.626405316681395e-01 -1.035439371664153e-01
3.276743497868757e-01 8.189260968631679e-03
8.431305994185662e-02 2.368011717373993e-01
-2.116757765733029e-02 -1.330838597260531e-01
9.637239721538401e-02 -2.078371008248928e-01
1.752900268169290e-01 1.178675984697561e-02
-2.830898049076896e+02 3.873339936513383e+02
-1.624999491163223e+02 -3.795558280902834e+01
7.924987836107837e+01 -4.050124843431718e+01
1.454506584187854e+01 6.499392457265942e+01
2.314367070911396e+00 -1.172984000082985e+01

-0.755311931350174951220e1 -0.559277657063881760650e1
-0.154547890982556034262e1 -0.180240380425120111417e1
0.574502094192599407473e1 0.543625597518326778446e1
0.349626145346770390897e1 0.503980553492830514592e1
0.577470626572766667760e0 0.143793887888118874238e1
-0.241151760195653020987e1 -0.456411185681726387555e1
0.646246112491398290705e1 0.815491194089988389541e0
0.154568883980158347990e1 0.564481567452974997026e0
-0.531678716139819099954e1 -0.133468091882844352883e1
-0.174108528056067770945e-1 -0.232103069272049077432e-2
0.460835307217083040989e-2 -0.350920662178301408004e-2
-0.142770874110707400052e-1 -0.519757966030358678622e-2
0.122205341092823165466e-1 0.153303493029925291623e-1
-0.868014137686014600792e-1 -0.303674707289301843161e-1

4.775597040733636e+00 -1.042059662966960e+00
-1.521124176082188e+00 -2.334020106196633e-02
-5.824474686793472e+00 3.430013197433603e-01
-4.668970954334865e+00 -2.643309387285811e+00
1.227118869541951e+00 1.132530145273002e+00
5.015200694541478e+00 3.982866142109235e+00
-1.723138516699728e+00 4.545222872299509e+00
8.449075203002224e-01 -1.254960563116550e+00
2.874884208792964e+00 -5.039950664993817e+00
-2.610570972988479e-02 3.127396950345912e-03
2.453319790633855e-02 -6.292287536200401e-03
-2.520754342889414e-02 4.727185833629226e-04
1.487616737810524e-03 -5.754166383712599e-03
3.888095025793561e-02 -1.333437853500910e-01

1.412398688148467e-01 -1.085222954741701e-01
1.377985912218292e-01 3.256701613655203e-02
6.905482615908970e-02 -1.024644763508471e-01
1.154896909695197e-01 1.014299237651482e-01
-4.532334291224675e-03 1.221057202584419e-01
9.829226338744727e-02 4.133066069063730e-02
1.911529997612260e-01 -7.510168303879151e-02
1.422596525071776e-01 8.010996360319250e-02
1.092444414700883e-01 -9.145482959016321e-02
1.720268831597062e+01 4.383112260776443e+01
1.734585294978446e+02 -4.682344562831552e+01
-1.894917492219452e+02 3.615478528938705e+01
-1.124645617705103e+02 2.952776756993346e+01
-1.986497952526061e+01 -1.160539471546900e+01

