9

-0.2699735721853508144090288316079264718854436092538010992789692526424003740663294149903383066078502543839690112545037136797918131108624704952279328826395453852908632227928768321171417743113425997349748890038318497901940793731470933430521571183333164638781609639285220680153089552357906628316427099517162856027902e0 -0.6665662823366389561366800363197207666919674710649066379802832600903188674451270148831106790332902826427258978187592997948780856409895604077530702302909202683973622432084714388517542430883756163992158071373105165988477991976117405230571988711322568479647947657907759936041899505015470330970490173060009501637892e0
0.6560535281950379375550942563072817629431532932663467989152528921765513667558537305584839205181546306972146374619740813201791926562298603837962680436164753891080025538334477060961772418540945415431537464405491339057351727391783859353974079287223087417164144440553660827648313505409755466049870302638621071348422e0 -0.4807665154594883933049838566007452637206771151422928265920616629570461107432658855357887493492626869218151566629499586517835173966348557718420159575809871938404888826779263222197761842043305228469697020557349371017820295061863350584120700056372414044063863814024321005093198610935988343250471811671556008649407e0
0.6611037628575889464969170566862220892227876015311030896566976121550623067477050756517198097799906484943622466995844548283820906586696398465304173667022440363468313050543984561497431843555693075550133265183026925497612807383802999036850122671077050680731599143562972081603151358953500240393388026898974761110259e0 0.6996523847495152087297771903357806289596901776607569213507550739897241873813782031341211723250617210957342856413181819905149263911305132074280910858057060287499055079576120754076568199025274189503275972890123147269946444639926639137337248778073517421624582663441706639520219602846552649983115084511432088507330e0
-0.5334741418757399243653796172659741597751099601802089645622698400386409606595359429230005435452936788021230200393271777140976548242768372946131744409822852181739984795220135195470726091932826391556135392995200565402092442758819980965265659605257328866164585986391893258335664920844998075366995809342390422407967e0 0.7904936586967399984285142053985420137449819350078060123193393932436709086308942358898432621728250099705037836321389366389874941703867329014859005041935377593396713132524991076745985310333091737243377917455192652819094361911782799682577943817560984756402263205713873558374700501238862341078180185002190009832015e0
-0.6637906736443297272319235672911785748130369961073519105710400463691714180883800884662110447088870503685466175719811754071780174137125429337008375098365361315324269536866642539776731369648587051801094841907254294027777906177069700346318176823002617193794757184593599720767827224094957607655370688424057381804420e0 -0.3180046708622804605614716892877974122781275993889146901057513573243764325038731664299578709891641300042862136924185171150789424349136130545260987308750753439206159338681903132722504341525817696418848321676371555867428726977376570553240500925844514242066165996226770633454607345718718864187945560315549593535591e-2
-0.6944742322502481153931395972218958414848542535924671731856930280456034266318981541508246757184333539108935258728125522365017937747003988774024810993493650922970877908574745148982002041342540535668616451872496757351232203551041898720949656461351537298051818720056080243896993403615077711711392840074636059217721e0 -0.2725040028676402262997209419907074341251356728481623452465175203962809436699558074470260774413379863186761207802454040853175787637957305551341079055600926043247528883361808253159972222608762310562509224834731364312436769464799467119398035311662552300379269043164737883037301436313909269667142788694338587454409e-1
0.8451549355814388300629753848799988159713996440115470038765174550269956678741999885745228330635993335189996483618324643732609966661135937415760696473374862028124116737288524154330518003065494132395117425332549868937340055097525514571230156770032558775320475886112157607450566739852131765248148944238266397679625e-1 -0.6491687114151209672260443038780335389869389127811687790783500363048311256984997062025462090063537262474246282700343936413036261148113594548265060951705243306256175069284226990749517430856884711078076178701046851296900170730989369242295240949718036126378379970069980907806289806492304213737838525340660819265592e0
-0.1323749468791521194916232325876784921485982881512618693316076756750433711975326874154549083657456027946628049196881207643453728024917049466923748326899040751645044700947385063853718909711953026823052803490674872391979634180511532683052302907852362141856587434434763024651918369852837841686096710987056820544351e0 0.6897334044507913047704783884805076682015229573495679005582818384789120059715782790362982719717814855796690296861278565963651505743217046756064711418190703966373376387614328239358209523124871667804690303600131952755297342046969168186635608454937494319503119350929899377258218985316294036814702701655076105766420e0
-0.1033211651883268072621905382989257226166505926676093939926567276387905029301774124209514710709099230966494989271526240970024409087534429121256488672299936990106019468959263105021678533043491306550659064636371725488033180138962564220155863553786759849111374000807618086082163561277144552876186389481485734109105e0 -0.8981557547418159989930964509116027387710076633969926488668146856495167326244983748727068836322421560955997456367921592227737063459791721484830229348389486917363470390769255364612390846509530415153506019900734077566442688597131072689830724172958228224394035067948476547287600132443009495534416969244658030750073e0

