11                                               

7.256719418886988e-02 2.103202000541044e-01
3.651464556415441e-01 -1.538898988694519e-02
1.099819954437528e-01 -2.210294050708363e-01
4.137118037573355e-02 1.791183280790314e-01
3.013749423878548e-01 1.905163625561071e-02
1.095582319622448e-01 -1.720717694309651e-01
-2.223447901841363e+01 3.723119582828883e+01
-1.645464936325016e+01 -1.211072139105667e+01
4.075126777555838e+00 6.835711806229510e+00

8.890816252304130e-01 -7.308884149013791e-01
-1.084062078026474e+00 1.055076610654990e+00
1.727298181243634e+00 -3.888253050031990e-01
-2.898074619409781e-01 2.791850556772961e-01
3.488598847468086e-01 -3.975398299585908e-01
-5.913701512534023e-01 1.829918835308829e-01
4.864210104425558e-01 -9.171276481243343e-01
1.758923601481283e+00 -1.670725185805971e+00
2.518749699300852e-01 -1.244864863011375e+00

1.807312314660345e-01 -5.269566807780395e-01
-9.813289118886914e-02 -2.000114558818933e-01
6.283394224469332e-01 -4.765700718938649e-01
2.096095346228417e-01 4.465464712895588e-01
1.856255153221779e-01 6.679200301738770e-02
-1.061728126691180e-01 6.901997342468513e-01
4.202561999608364e+00 -2.295056744559741e+00
-1.981824073841730e+01 -1.829930719054216e+01
1.454691038545251e+00 -3.817623673671095e+00

1.834453204616258e+00 7.975667782851429e-01
1.417969607459004e+00 2.469177937288246e-01
-1.649023848164670e+00 -2.362853461897999e+00
-1.395864246521754e+00 6.047844130769157e-02
-9.658811534370049e-01 2.788011108982080e-01
1.758346436048166e+00 9.790893376781307e-01
-5.549543530461752e-02 -1.628120141856888e-01
2.258052277407035e-01 -9.169679280365289e-02
-2.520656943129211e-01 4.241013182343213e-01

1.603006458369227e-01 1.614699868024111e-01
3.807253130012587e-01 -2.017022556199992e-02
8.851715518051466e-02 2.276510844360515e-01
1.411189791295854e-01 -8.163278399878707e-02
5.544991582533233e-02 -2.674946556320102e-01
1.738879910263860e-01 -1.982340604566556e-02
5.724536149959857e+00 3.848030654506784e+01
4.583079352105775e+01 2.061350082057752e+00
-8.002808936655059e+00 8.215826625916822e+00

4.379607389616118e-01 -1.130683526266985e+00
-6.756477379959518e-01 3.168387744333632e+00
1.261251560109376e+00 -1.972003620816680e+00
-8.245298186543693e-02 3.211315795837402e-03
2.161385523263671e-01 -4.344780999812788e-02
-1.572501315359655e-01 -2.546410304767691e-02
3.254991231154216e-01 -5.845187544543501e+00
3.875240183685851e+00 -7.009736730340622e+00
7.344778111685315e-01 -1.095366390652229e+00

6.265786578679144e-02 -1.934188346327434e-01
2.677218238268405e-01 1.053282984370193e-01
2.365044891281819e-01 -1.218173814217272e-01
1.456506686545516e-01 -7.064431893498978e-02
8.709831501701741e-02 2.118579305199217e-01
2.003668375866169e-01 6.869430603251944e-02
4.469534921882289e+01 -1.257492248592793e+01
2.269223993775068e+01 6.087465023666382e+01
9.806519009132368e+00 -4.936785933135900e+00

1.055243566408100e-01 -4.245729281364216e-01
1.648174441669642e+00 8.691478341861250e-01
-9.062280396744481e-01 -4.416118904696693e-01
1.723934662778564e-02 -7.684458340793017e-02
3.002031815741592e-01 1.496185977344957e-01
-1.649132868379490e-01 -7.573702990659976e-02
-1.460338668868393e+01 7.249797337843366e+00
4.506864241658759e+00 -4.566763791736749e+00
1.371778169998058e+00 -2.597760875765301e-01

2.609922767490890e-01 2.982330015275109e-01
1.039516373571193e+00 1.862211002643732e-01
-4.166649890298283e-01 -3.374518629242947e-01
8.096207745366693e-02 -1.768005225688461e-02
1.390555191178452e-01 -1.715483770887181e-01
-1.038612578619653e-01 4.222619047801327e-02
1.911901435937887e+01 -4.781794585052790e-01
-1.048877443388277e+01 2.793357900565229e+01
5.349200094818538e-01 4.238772289044120e+00

-1.114399504027974e-01 -4.661910442756687e-01
6.437886969830674e-01 2.610478648475090e-01
-1.630045945110664e-01 5.167117850078604e-01
-6.869244713186560e-01 -1.225437534387633e-01
7.229241164650819e-01 -7.071817476863165e-01
5.946562027843700e-01 5.181568955453790e-01
3.002054511242676e+00 -8.017392903063369e-01
1.399295165023097e+00 -1.597063415965338e+00
1.159105800561633e-01 1.700567699718553e+00

8.345747287524311e-01 2.252229319906000e+00
-1.575256985990445e+00 -6.850977030047672e-01
7.207635297129761e-01 -3.218499792136980e+00
-2.204327919387797e+00 -1.763367417225598e+00
2.001567706097243e+00 -2.636703805826295e-01
1.222678940815592e+00 3.678405973043975e+00
4.324636003227394e-02 6.110826735172306e-02
8.645300703729134e-02 1.053484047726652e-02
2.351466118521267e-01 -1.043201407231458e-01

