12

0.8701315573768423267646656622172184906302635727133112112160255291840196602195831631108536990268228172003925781632069099114940966485923277584717276674957385816534419482050129897978036033222270527398027499796399270460559990841691834253807151799689283331926780967756853534996388156121734463034029290722363065452468e0 0.2259899742198647641194483392133857243322012624246049774847401052917566000758304916126048681840441784869459788485752173989151308582261691523400864993163396439930462214032726477449698314424395658175758063156105381652878070754595754361444405088215749166283413636233950008276072128656004757639678267255103870157024e0
0.1108620597124354253272392890398451830814975586328149284337550702610495198908430344280380477457305196151731988706453038149672989967038079492775525620860477013194583373624119434324200641419613296490288045102343154611803395554590947942488079623184147411342843702808824029972152140061598098094385662858614189668358e0 -0.7724330948442628325935475020532209997769267988087251190887645440237749592114178103047399477474501121942966359110835568477171777947262948595362754856617558720513254848075059389971989054511057387285122098775395654017759209569074103647777832597165652077559694789194122674894452398519991437163273856503797998520419e0
-0.4241092393492170407674260521951052870561674123216343459072695330563751728033282019027431269526166027688234069032099231195018633741064105040033955623786456873011108628577987089590891620869989323069304074857659796791186387472904518710845982865660136452211259197026621150110187708658258744955447583958035506635532e0 0.8774365649581911207693725215404949872199731657028349588660913261414763665774564273378829986457340299744393508668643254289223960986482106690563216858653053316351271661723115327174436353241089457551039273905281077502062198976737052103408961431037735821494305110257726187584417354739790845209077496069087200276764e0
-0.3226030541611127056278951509432372788952175297943374661458016020724987817956194082175056510860602778042352792406940459654501534857567907859594053824335272562947191138600609802609755101816408669542331994794096515342799988661160314412253996908008465386325710654990984046865902453064983740668287600307852047678500e0 0.6361884262971810948156980929989812257117060564969969283844447086870186458858193460909881656616780206514076129328300493406761664970586954056967345293886049200500082222636182206910591973349332752010932457594745324470895699219649034529908095289572277905177286504137656424315574686549309247506520417276863199181484e0
-0.6965170589659562517206541544948129236944773017481690885559429684748950817364769586283251951265931004628805116031766763365046825979353809461550652874692739717225164463287982208874553947638602684317722847519660053472256452190405242408409219788990370613378888408447383435768625392537728175116950823255002069255815e0 -0.3151277459495849315727409715716153782428272601480421048295202482615328456286750718971508590560011274911151920164343651743028699677029223198182587711181247704508036125285061165615042592114699847133067651708221748623910168566815001709545843265926339138083497853641628602085166191553619945445128933447614030936374e0
0.8734070205773729257699057631579594396260213225275431195435231789382999997148212546375227248234518614065685844151386563529120288547117328198163121177497200915663448495612700010607254657933235605098035994261788171632477947324577808966698621491122649451039788783577484514226544901513337222472494658293168188105058e0 -0.3959488098991962362050214546398393244032119159174771346342921752645655873434368080198720361558172812143135542938153883288915442262635983240845844410417400869604244665575256033266558823705615626950956785815721493381713562948786657974641794380677547069501491747107988169096583400500182005689696035964017694376630e0
-0.4559920090551104850781558223000307296789024409922582247650371889534320016331059628833952311116863012282466754533601573072216828349516743491417725912610744779276005018368473318450371301994862357389582358561735804450483022308191512110354728044051226383429527794903793897393525152685652719344939021421835974015130e0 0.5939752488245645727637537194776562914259252770507663272745195450134401583402832729671225092057944839831472484617773973883746659193647026583743343374109678876738921446296287689358499472858975962800666190444479785151448811264867644878122700069793057631483956218989974479011173625947068702669265532111092676921087e0
-0.6065596367778854882316044328935181930429270696469203034992952991594112906581407571029623319363201197339138336435334260921278782192212514357395388323386919342098712128588701452941634573086308358382764454747540225906044992323822236101728391066095101932323841140210130315946293083504948263002419439647430332766466e0 -0.3696832547094890903012588660879475918407283056505329201844987710105244904049611060415081631460381771307440301200909076163525466721204190005065324667127333147051518031203227020892959387086723119457626296719825327840472891731266651377588182153187890155691952929944378190965183273914254330927791249129447383044819e0
-0.6706506756449539587647545311418886890504826176121975423731694433416770821200771235480505307771628692891508122689560830020939914850809895952154150716715214472209272960465614744934730275053781897572951126596226205946873365184128142639388691137522676127151434198900972847120266949092803965522644987404656608943612e0 0.7518616383917958054227004348824788362839888266687218459382710249941933601270901531145465930129213457681930126440212924802204066794586515167625945447111743415774564987221523099568505311507698088418136513705433647163516352863190265661584632248180097032779258485316624739748478089374742420651952277017068724987923e0
-0.5661062688741152523145442413615040504666397880430104426856531741720675266505114059760789776936310601596670450615106331166896870748595083026105739212150683966034966413654009222219131394460283610099201666793084515672394170530329432426334107663415080354836714577230259532417032342224680931216216149626863740038439e0 0.4469539126937886528417779651521828363925063286554538847987341140443152866839027287467238432942753542996436679322998780399657204884935376691373041785786850096585252426729052003481090092110845967858819897301485401843719321966521727435562438115180848704934141615241989095839260096893298227523247188418412806195014e0
-0.2307380252070586651943929087566485700486806468975158789551267371446809303815364708284985831761662097634394380172013632539536996333929481916611086037907926526666948906552458012988654451653924746557722161832742040380234820683056890772085939611220315688729646683040486806818852798184690939526230992243102125201732e0 -0.3206386055829009324243603462261268823724776346083423776868061589143327432555751860105729556323880466064522601637592788050500359107075488799531641696524135080351969151024424846436724882603064817883915494314796982920818717545572812109589377910541387497312414791512982562710050268047089280665714097527761152382275e0
-0.2974626876091625070872918197358104900012254281595969023409050761800888437964224341132882311506258280554625660542423440123665908775269881041247567408349328619725567880513484539470096013477303659532163429119493663438022352001255527960481832762840990135312444626222936546300364013925633581741379452994686612198582e0 -0.9765973424122409586400054909218975391399592293388142153454624054035895376084177503633639263951123873628877863551633192412302546450557222000507051141760561708602290213550363498545316081611326716158571989246512671478697199432570844584186731135531432058632507222430078688277031228067202531989827528328904421685114e0

