5                                                

-6.119894689734642e+00 1.383907792205536e+01
2.472891871977134e+00 -1.495053381983938e+01
6.597176314360756e+00 -1.777917781139011e+01
-1.950173496603253e+00 1.889063370917414e+01
-9.837891893305713e-05 -8.574433379556331e-04
-1.434901718460952e-02 -2.652178857528954e-03

1.793987041846362e-01 4.475274702782917e-01
1.636517317827975e-01 1.130798505773734e-01
5.438788304747534e-01 -3.249426112350196e-01
1.130707335578129e-01 -2.356647096206455e-01
1.254694988450701e+01 1.039370763968658e+01
-1.122245278988924e+00 3.859204632033566e+00

2.187105944638213e-01 -2.476460921644117e-01
2.641377026594367e-01 -6.669073232333205e-01
9.178399177840665e-02 3.228618325166089e-01
4.253677110983353e-01 5.916915828811232e-01
-6.632433582396649e+00 -2.884090431090353e+00
1.181780210115564e+00 -2.181047273602566e+00

3.243728786763940e-01 -3.485571364434119e-01
2.828250892565343e-01 3.187801359749261e-01
2.366416764540379e-01 -1.979726994553843e-01
1.561603556130341e-01 2.277496999238701e-01
3.590102097703625e+00 -1.328053394791667e+01
-3.736836900486196e+00 -2.271168154216440e+00

1.695565229030738e-01 2.187010119893539e-01
5.236242362058171e-02 -1.766936712720772e-01
7.481544011763722e-01 5.930837379998872e-01
2.992665229997223e-02 -6.350910787171636e-01
-1.112919134449146e+01 4.664786006834195e+00
1.117114163671658e+00 2.550162082087259e+00

