28                                               

4.292907761527868e-01 1.930990416606284e+00
1.996654526558931e+00 1.528278160468057e+00
2.469841331067092e-01 -4.047674695743659e-01
-2.554309387703539e-01 -1.742446404405820e+00
4.275199839182642e-02 -1.388427732159938e+00
-1.093629594431983e+00 -1.386205662107044e+00
-2.382597647639290e-01 2.326001161723836e-01
-1.283611362439880e-01 1.229978575000443e+00
5.578100353126034e-01 1.105125739295839e-01
3.118412713913692e-01 3.363656540065787e-01
2.691390160219385e+00 -3.042381742817961e+00
2.678407615538643e-01 -4.053527410671264e-01

8.217167859130393e-01 -1.750425243006936e-01
-6.879208557880888e-01 8.798695904343157e-02
7.054527750250080e-01 1.895997052399464e-01
-1.461329528535094e-01 -3.715329874458419e-01
2.938204730699619e-01 3.554230118038547e-01
-2.174852275423308e-01 -3.124187069619481e-01
8.685618720424666e-02 3.914316426848630e-01
1.436928149716732e-01 -1.654471000636121e-01
7.629170380900954e+00 8.864274711586084e+00
1.456978693481130e+01 1.003253722832586e+01
8.893957585897869e+00 6.624676667516568e+00
-2.923345879130657e+00 -1.483028596119232e+00

-2.047540375330646e-01 1.188489746555250e+00
-3.913172631600224e+00 -1.463425715579890e+00
2.633678803756682e+00 1.651362081594303e-01
9.692339086339823e-01 3.052251696636013e+00
6.084768948887387e-01 -1.189566694872603e+00
3.656459210926474e+00 2.838259940381127e+00
-2.731230115265482e+00 -1.043124557068296e+00
-1.869203380710460e-02 -3.548020624211031e+00
-9.619535976703757e-02 1.296236458833055e-01
3.261729383934708e-02 -5.628560566803825e-02
6.089875923347100e-02 -3.815977190985442e-02
1.574989689239107e-01 5.761862028529112e-02

2.637507339081213e-01 -2.403647876507135e-01
-2.898855181034189e-01 1.921541452186011e-01
3.123137158480225e-01 -1.014205641254158e-01
1.835999022872639e-01 1.249453689890955e-01
3.229515382032528e-01 -2.404605163884135e-01
-3.469178431658732e-01 1.834143311206579e-01
3.619790276086245e-01 -7.903687001624576e-02
1.922084434140069e-01 1.607688928524341e-01
-2.360479158461396e+00 -2.486224935533540e+00
1.491512036731661e+01 -4.321758569467841e+00
1.276097118906240e+00 -9.500839856187474e+00
6.183004451796744e+00 -4.883918083186661e+00

3.345783574811855e-01 -2.700530287314992e-02
3.471763665799210e-01 1.791189155848180e-02
-2.959894919972348e-01 -9.629359585141492e-02
8.258090826700612e-02 2.062346141004155e-01
3.362833153063185e-01 -1.751103739868268e-01
3.691283857817897e-01 -1.339067164854179e-01
-3.503053110425584e-01 2.985488970819189e-02
1.765474696235719e-01 1.783145938297201e-01
-1.483611857378284e+01 1.555734105235302e+01
-8.559957827960718e+00 -1.902533872533634e+00
-2.032482309518393e+01 7.946758073671377e+00
8.517307531335427e-01 -8.435274114350662e+00

2.893321675268423e-01 -3.347148792210957e-01
-1.186459606455157e+00 1.323304928466553e+00
-6.010055911149348e-01 9.515119089032179e-01
1.319691178739699e+00 1.159736594005527e-01
-4.630297416974210e-01 2.090690865177915e-01
1.874961709192400e+00 -8.060077981770968e-01
1.085505529402225e+00 -7.012533479929820e-01
-1.318995645593652e+00 -7.578835578969403e-01
-2.060248373019322e+00 3.498240513434004e+00
-4.752491255295095e-01 4.942601143107175e-01
-7.968367984046072e-01 3.047724150111220e-01
-6.137183569396623e-01 3.626767965574411e-01

-6.122514095717912e+00 -3.361166488677040e-01
9.191542884148867e-01 -4.289462407281120e+00
3.385657708111898e+00 3.933513918524171e+00
3.636413386715931e+00 -2.630006607270358e+00
5.424063755885710e+00 -1.124488344491008e+00
1.908374056628519e-01 3.958464096858470e+00
-3.867388292025922e+00 -2.650643804363848e+00
-2.566224157047444e+00 3.138739796891399e+00
-1.177655471015514e-02 2.346734033546298e-02
-2.827269029453585e-03 2.772422240738528e-03
-5.427948265139873e-03 2.500065836704196e-02
2.364216040802453e-02 7.676092109250085e-02

-1.308205875927857e+00 1.715482229921440e+01
2.554071568997007e+01 5.657071915459591e+00
-1.716130336839562e+01 6.166455665534173e+00
-1.013861167902662e+01 -1.882176444927662e+01
2.891707809518316e+00 -1.750425432697309e+01
-2.572627206363549e+01 -8.115726870721605e+00
1.818533924267704e+01 -4.786053712161334e+00
8.716630244820163e+00 2.024944947892450e+01
-3.717009222863559e-04 1.067054861373918e-04
-6.047271007654687e-04 1.678823145614575e-04
-5.548149521667644e-04 2.378814607921330e-05
8.023066121741656e-03 9.081778382104291e-03

6.394198452291584e-01 6.746150084179059e-01
1.198663404933294e+00 1.669179178089985e-01
-7.450626206388145e-02 -1.493841572754075e-01
5.099471932654999e-01 6.715086693297188e-01
-3.016964193769504e-01 -5.804546082658004e-01
-7.785424547068106e-01 -3.454878860868522e-01
2.142210529485285e-02 1.155179892031419e-01
-2.147074125751613e-01 -5.532329331317031e-01
7.688870803241272e-01 -5.150607583132469e+00
2.884039621715884e+00 -2.950610322881271e+00
2.724670253166863e-01 -7.018118918108121e+01
2.078780742367817e+00 1.296951805509475e-01

1.379402263322524e+00 3.479479945821651e-03
-2.137228144196590e-03 -5.208763827814771e-01
-8.976039038776383e-01 -7.576014540964645e-01
5.625020577098392e-01 -6.067923757683878e-01
-1.070143512554574e+00 5.582748953006554e-01
2.134841453735489e-01 4.026936318906121e-01
1.003541265723921e+00 2.219372565753315e-01
-1.890450875534239e-01 6.988849489339085e-01
-2.061079254501596e+00 1.081655402083812e+00
4.634948500007326e+00 -6.997474217931344e-01
-1.775444532124831e+00 1.554530339269951e+00
1.947768025552638e-02 1.202697460207138e+00

4.984617720119667e-01 -2.321533857679159e-01
3.059772557347763e-01 -2.355687587421262e-01
4.292466062423937e-01 3.906906885585851e-02
5.748985561640193e-04 -2.949556528090609e-02
-8.215024659463710e-02 1.985941613577066e-01
-2.582876998028749e-02 1.486996513644676e-01
-1.339123140544289e-01 1.022107248710800e-01
7.630798084052577e-03 8.644103341835593e-03
2.995252555547790e+02 -1.197799726098096e+03
8.519249610281945e+02 -1.573373182802348e+03
1.209590445146939e+02 -1.321756439977966e+03
-1.189635261039641e+01 3.093136031595250e+00

5.353606599870382e-01 -7.707003186787340e-01
-1.913826675137486e-01 1.883750940065449e-01
7.529003388273143e-01 -2.553747385594366e-01
-1.549093175471675e-01 -4.473653636304412e-01
5.340299182671893e-02 7.557310746693181e-01
2.501756292872412e-02 -2.153557410600837e-01
-3.442728454558396e-01 5.417305324724301e-01
3.238832769469602e-01 2.029594607804026e-01
8.450941906908470e+00 -2.388072525768197e+00
4.594972721748413e+01 -2.177341742368296e+01
7.965619252174385e+00 -4.279367338169113e+00
-2.062878757043096e+00 -1.304659534313393e+00

-1.120073715273504e-01 -1.095593453904667e-01
8.454742261471471e-02 1.121741647540770e+00
2.095043082495700e-01 6.969639980428013e-01
-6.394105924203044e-01 5.622447848565199e-01
7.519497271921051e-02 1.662841078274811e-01
3.828626472336517e-01 -1.253081867870982e+00
6.753489269427410e-02 -8.449846036596176e-01
9.317737204362342e-01 -3.396087213465060e-01
-4.204902675838671e+01 1.440388998557326e+01
-4.751862505417524e-01 2.743899033626409e+00
-1.897307508843399e+00 2.691934221864721e+00
-7.061666601430439e-01 -1.758414795372830e+00

-1.063362288055956e+00 -3.870452336906959e-01
1.025687943113567e+00 4.236849683172506e-01
7.309650146920754e-01 6.756207040756900e-01
-2.496361264487756e-02 -6.558932512176987e-01
-5.649793078116332e-01 -5.474474702115691e-02
5.512718461857236e-01 7.726165154363554e-02
4.396923489726804e-01 2.365584969561629e-01
-9.431194445158024e-02 -3.154425889631872e-01
-3.346918407858442e+00 5.609244030837812e-01
-1.767301778796069e+00 1.528397474659707e+00
-2.578090769762444e+00 3.146056452519952e-02
-1.308906984053022e+00 -1.179078633126179e+00

1.055844461847835e+00 1.662777597253271e-01
7.346319364749943e-01 -5.310036673884871e-02
-6.463899892380955e-01 -5.328445426591446e-01
1.020829071321701e-01 -6.981222264497189e-02
-3.672240199899796e-01 2.376346579700827e-01
-2.094143101354250e-01 2.167882578444094e-01
3.425202854714685e-01 -1.409758282530763e-02
-1.205127156296808e-02 4.915403932845405e-02
-6.803837152387842e+01 2.486399187501535e+01
-1.068937070647828e+02 8.634063824726155e+00
-6.803067955327816e+01 3.806217182731412e+01
-3.712085565179615e-01 3.116731372778066e+00

2.386407099369190e-01 -2.455893176631615e+00
2.089444890445458e+00 1.979603937421870e+00
1.280213658282629e+00 -5.354478988155749e-01
1.659038741503782e-01 2.163553435277836e+00
-3.624621313722025e-01 1.842976074910096e+00
-1.436568379722891e+00 -1.654340540334252e+00
-1.009520044296296e+00 3.109668136294650e-01
3.434742257600443e-02 -1.651418645457824e+00
-3.177761539290294e-01 4.141454807142714e-02
-2.400251534601594e-01 -1.306580289675513e-01
-6.989601638868297e-02 2.582820554421471e-01
7.491795967052625e-02 -4.107774818561336e-01

-3.040438586597732e-02 -1.173359377779599e+00
5.489901168495544e-02 2.497878567876707e-01
5.725173238781592e-01 -7.986029440596935e-01
4.671924040216646e-01 3.688151269465357e-01
5.552226716682942e-01 7.382064409752327e-01
-1.492371888921924e-01 -1.350407188928460e-01
-2.339155917893821e-03 7.732816831826321e-01
-4.678506805770100e-01 -2.308806715993286e-02
-4.040515745604738e-01 -4.769556768766891e+00
1.848147635452375e+01 -3.995465930669701e+01
-1.499014079220433e+00 -4.706902041694582e+00
3.646251936813675e-01 -1.603746580523282e+00

-2.350123834051215e+00 1.915650580657912e+00
1.338871229624502e+00 -1.567387887901486e+00
2.385003636198167e+00 -3.649588650335887e-01
-2.046668841211388e-01 -4.920136195159438e-01
6.042628716883669e-02 -1.273387985768311e+00
1.145496396194562e-01 8.591253887607452e-01
-5.555058216720363e-01 8.488629436381661e-01
2.114457472334278e-01 7.410944516250648e-02
1.871451151140449e+00 -5.239298342357156e-01
2.983488639233541e+00 -1.811714814544219e-01
1.872075666276728e+00 -8.683026127582435e-01
-3.589079822962941e-01 -1.162996525547715e-01

-3.527730345006611e-01 2.704196400496116e-01
3.662056890764208e-01 -2.452276074613184e-01
3.826826183291974e-01 -1.007618422263035e-01
2.262123309207424e-01 1.395964452342004e-01
-1.639131138405562e-01 2.172677354119758e-01
1.759600216072109e-01 -2.046008303760848e-01
2.093148513605605e-01 -1.220556057537696e-01
1.563106370470854e-01 4.536206512168851e-02
-3.226937946582738e+01 4.805964284852253e+00
-1.167770445540943e+01 1.359073153340971e+01
-2.370136745829062e+01 -2.497446358344443e+00
8.529043265606767e+00 -3.602896961743298e+00

1.556364277668890e-01 -4.672891911748071e-02
1.588086158550338e-01 -2.731795853463157e-02
1.472419738184520e-01 1.752248520251748e-02
5.523191832808143e-02 8.462698965767089e-02
1.396609834020840e-01 -5.972402642676703e-02
1.446429137459086e-01 -4.202702413638020e-02
1.386014497281143e-01 8.354079783612772e-04
6.017571735543691e-02 7.281304537670991e-02
-6.571222489046528e+01 1.383821312657389e+02
5.598372783190333e+01 -6.777527039945100e+01
-1.194816109182560e+02 3.715161100672997e+01
1.092830993186941e+01 -4.392162938663615e+01

4.940744483531156e+00 -9.979816079256250e-01
-1.959275214646871e+00 4.189863645791092e+00
-2.668462656594179e+00 -2.014904323791689e+00
3.197470072057598e+00 -1.738312266538458e+00
-3.524080408574554e+00 9.402233227556623e-01
1.228977017220538e+00 -3.113109012773106e+00
2.016762496071090e+00 1.336726869329419e+00
-2.232135789064779e+00 1.397493373152706e+00
-4.533904451783796e-02 3.449610603040471e-02
-4.597390644333985e-02 -2.229967366435257e-03
-2.337849230648105e-02 5.265493093772020e-02
-6.387319130465574e-02 9.970001393598288e-02

1.697496663201939e+00 -4.318733487077543e-01
-1.290970187575047e+00 2.350421834727323e+00
2.309353518181501e-02 9.911331134492136e-01
1.904643695173698e+00 -4.940826790355337e-01
-1.438794378222905e+00 -2.085797993703487e-02
1.527077416986306e+00 -1.587833845335682e+00
1.938602975470438e-01 -7.910444653121093e-01
-1.616407042292850e+00 -1.586262984842246e-02
-2.138852774730341e-01 3.731368503383704e-01
-3.373481347921076e-01 9.770165163329854e-02
-4.848063924328216e-02 -5.067951839056016e-01
-4.077858729939304e-01 2.557331470612421e-01

8.248720663430297e-01 -7.425261735294817e-01
-4.548510293389166e-01 5.825263253398631e-01
8.690857581940610e-01 -1.721499392722842e-01
-7.782241185225391e-02 -2.082974631671897e-01
3.577110118565510e-03 4.886752666779557e-01
-5.898715704195256e-02 -3.200377440641746e-01
-1.972277521440008e-01 3.365832819135019e-01
9.135341572146803e-02 3.522644610180940e-02
3.140033742466596e+01 -6.858635846026308e+00
5.089190239348298e+01 -1.695160837972409e-02
3.163239830852302e+01 -1.268211089148814e+01
-2.483840558555606e+00 -1.080823713395334e+00

3.201993673077921e-01 2.347827355401364e-01
2.742072461537152e-01 2.658676208863315e-01
-1.773298685704928e-01 -3.155062690447035e-01
9.087421848904174e-02 -2.224667356667311e-01
2.730104071646674e-01 2.710198198922529e-01
2.244719364474417e-01 2.941857486999319e-01
-1.245097093375369e-01 -3.278072494000925e-01
1.190764023453716e-01 -2.000756709071255e-01
1.374692642777311e+00 3.036207297954234e+00
8.627111805372838e+00 -1.192002810827353e+01
-2.675196128099325e+00 -3.282075050285614e+00
-7.132492365675573e+00 2.268868881476568e+00

2.009504548145411e-01 -2.856082796376919e-03
1.925776143002693e-01 2.147007431507805e-02
1.674500883398305e-01 7.240652018991495e-02
-3.293822696560652e-02 -1.163399504808949e-01
1.789945354490408e-01 1.566555179841171e-02
1.693433716843956e-01 3.654392953449576e-02
1.423788557616942e-01 7.957292404577020e-02
-1.875669338416528e-02 -1.064629666063990e-01
-5.447601421260097e+01 -6.767359917706520e+00
3.241281502742267e+01 1.088217154818285e+02
1.125008333902942e+01 -1.415407156040436e+01
-1.593476103057489e+01 -2.729598642648689e+01

-7.611947045330474e-01 -2.292528646778993e+00
3.422308272987087e+00 2.121321839141501e+00
-1.476652068046919e+00 -4.939278898559498e-01
5.077557861195363e-01 2.852933207458148e+00
-6.281141083184738e-02 2.003104056165609e+00
-2.058618091782600e+00 -2.630805765476273e+00
1.008756381198200e+00 8.069690110336495e-01
4.204558348895897e-01 -2.367065811687690e+00
-1.311496446193717e-01 -4.168493554971696e-02
-4.518705402167518e-02 -8.635933546323300e-02
1.043086018877970e-01 -1.580536892292911e-01
1.572723595808495e-01 -1.096751180002873e-01

3.547541342333358e+00 2.073015053728081e+00
1.439856351848180e+00 -2.159984606457527e+00
-9.525714242151238e-01 -3.405747414073677e+00
-2.813651714653766e+00 6.274546572750892e-01
-3.713252654789026e+00 -7.642679389658849e-01
-6.206374885211716e-01 2.313355248740354e+00
1.838573670815015e+00 2.695678106650345e+00
2.274141917182535e+00 -1.379503106896779e+00
-6.031347976680250e-02 -5.414456366332820e-02
-1.543666441917165e-03 1.399735003657314e-02
-7.085100441309193e-02 -3.755015605587132e-02
1.491921607511632e-01 4.920196008641557e-02

-5.974185934937229e-01 2.097303757258804e-01
1.174275142025030e+00 1.702289508670602e+00
-1.073016897943426e+00 -8.850353451433607e-01
-5.002925675458963e-01 1.518509116054555e+00
7.485291233815095e-01 -3.418719011540364e-02
-7.509796286403716e-01 -2.329307057013103e+00
9.146163693782452e-01 1.368578316901865e+00
1.084287052838633e+00 -1.550577725081034e+00
8.505825494783386e-01 -8.657933663214794e-01
-4.376023009988882e-01 -1.710109318712759e-01
-3.655997977571831e-01 -3.742985447535498e-01
4.607673616740585e-01 -4.095639510423941e-01

