8

0.4548113223415394698552859222143725214024204588434185774017126542087135385174994590266445366681155556534819206455687283256330533849712707630491437451075534382112891432917109562660542094844847703265403909624836854303023831182821883838257289337775323013809324556917309744262182002022005145093340912898960634678495e0 -0.9287358950174826074658819278607832673909416761080495288540092958610496666575287788191825593665377259664067579123115825450116923928728919197288278463111789479072802537556110328685440479533334186638063697252672194613315629036569113767892129770626049016658661990125070564303494382129640176153032062225701875036181e0
0.8169010996054443498127471356402427940250676456886723277300916155977633875304841415095883272285521131336066142567783391944223475842948481534326809183153765807084828705245543306593985297667803388047155094399434984584736360198154265371774782708900873159801041829502796612576900369294012444418904803327002504166418e0 -0.7601011629450866974631448320067438887382985343505959340967495165839538564838244026934371435382713627320647627750488307503120446430228532747286878006434872603547160914833215678271899299775245115911347466621178225074128470273122195981073183793952138845437560009245890179894255799928438429143335938880568828484512e0
0.8337140388440012556445094135042636728120605732315303221553349382969235693879122205136400128351052441732478485438220140333228277918034601899429441006012579485509622740872409756126849677287832632766073884723324179155422201567051146272866540391513740723997051909959244396559688447027482375720454271666748780997136e0 -0.6426498804905059401550346278160803401763221559627238459489753951739617543256424875546958533440849789584501591888805687429573948294710884111068371409169288480469293124044076926449875295056828051816511690571200892475432992441427656541426801682186736219018745822802913159458232894115158956126106150331547027839541e0
0.7495730899326812935844238896094939006181056470118717207123014721567883419258159088019157081898576096849446073457402527086745348452021140915451937826191842596855651791404045452301558262606675358129599358433865783564713576301753318404110527172878657382583592921314202996097352049485988222792067226800611308961053e0 0.3092846259187924358221796253219501468829717270725839684210716804856653822788047880022506350768221536784263805143006398127535507874537215379873933399039145412332469070693608901842235656514022153770761691051688610975029670215395894649271081284689285684767015502092673912057150390034835949557026337234140673181532e0
-0.6608644731044630035088744522411547667462685798147930485487520253642045682479753099266385516302144341816899522448305600617474603807179344510074076637698062224371562380493641545671296407615480104569637511202645831580903596213011663158489471341918116466587630836284773492638861504103407010177280581631065816618161e0 0.8862909766351842232437297628456365308447578313444649672518062376573827230584943726915091592341483457348253790479529682799502637980405900350518596700731506364342627084200130637615556561950977961448722433256242984181455121178402199835155559563098548922302683346714378749140561292554415642765824200823381025732753e0
0.5071084668411104508347326425372813845670037164201574106174343133833426565494902754341477007318091521048444598295577060121739080462975073701292254348852176167177337724576743107959267120995326181360762771865790387217958888870483765412073030650280576256741557752247981606790067713431017625501109477294983324339578e0 -0.8734999208547952153984359627643388107959063881884017326903535556404171672856776153401011148935333912663778728354298933447780661065038725294621366138095424391765248322881663452946652426171961972566223327163164236129812841231472588987241710919515616636666080880268164156481864447979621289441866152139755190394272e0
-0.7747930830100382467156957502229865946364491559677309536780894761929806367400991375031553300569643456475475092160592505082967300213828427292939203272794118329392161934685231206281220017571352225339917945448210084436287015744993785696872464802020742683231070040234389432231869720948754673670380603441271297294052e0 0.4414817660974161443692679065542468444932796059516868335858460232527595750662775889897875469451494098167196285900091527917996455541610576094819871434187361694592980044022188069956814820796911220771109192015912257617912499279211004474771359465006601959796931812619323820153496940768987722984749226627062911641675e0
0.5042902177041892987048297294824230351798757617008923964826903350704360566615545697417897065264308409292726299838988692161028346030046055271787185151038232485721159893867896146382644433112649190924095907423238252940482258989218244475422445292590801335699053745622711403862072910109380076670368420407225721531537e0 0.1196443080273819754618468275176365866026520929958077887902220106776996253398412139900830060093939128098223936891681926674472261123492055258767901469448187550217723839099143377852879095722293230566288841346855002249833627246059230492557536273099743381849924191623128725098368286634720380807232603437591844553632e-1

