28                                               

2.536145400709620e-01 -8.314222308461847e-02
5.620683747162178e-01 5.203825474487030e-01
4.430701205505669e-02 -6.754766653764699e-02
2.312167212052537e-01 1.701030575966443e-02
8.668256313653712e-02 -1.671420566950793e-01
5.401397549344455e-01 -1.549103267590590e-02
-1.855236864988556e-01 1.091868818608902e-01
-5.325052796196171e-01 -3.132567560760073e-01
1.420571317176309e+01 -1.319083651674702e+01
-6.731104697194698e+01 -7.960626455421359e+00
2.383913108779793e+01 -1.395215710721324e+01
-7.282002665407068e-01 4.662978822240544e+00

-1.451571299687994e+00 7.860854214634385e-01
1.138080832280418e+00 -1.894690786151572e+00
1.729296083229397e-01 -1.595452226811986e+00
8.871083150118887e-01 1.957013512182658e+00
-8.202748687551815e-01 5.221794581911161e-01
5.900295918839675e-01 -1.160560289577308e+00
1.785189175858481e+00 -1.110895228831891e+00
-1.301491354914519e+00 2.496320139535545e+00
2.316414892523321e-02 2.615333155844332e-01
-2.024000219204539e-02 1.410011730694271e-01
1.816777241280644e-01 1.029127471472945e-01
3.124572690520600e-01 3.455402136274982e-01

-2.400379221523250e-01 7.578559263467527e-02
1.053742196272857e-01 2.668016630661256e-02
1.133847289129589e+00 2.024550188189659e-01
-3.704663176394466e-01 -3.318674923410428e-01
7.687632526009269e-02 -9.330038577492397e-01
-2.401305689509426e-01 3.252196240450900e-01
4.294142347255888e-01 1.157324127262323e+00
1.051227400001579e-01 -5.225931789773839e-01
-2.560697429688631e+01 -2.373340008366818e+01
-4.584044955146217e+00 -1.589371662083224e+00
-4.518496558418287e+00 -2.816186523767323e+00
1.308176564434006e+00 -2.446441625009933e+00

2.002092403160635e+00 1.929629333878959e-01
-2.754860459787407e+00 8.005613601715391e-01
1.144841735455558e+00 -1.636811738264610e+00
-6.535282604700439e-01 2.773004241066120e+00
-1.360835721504825e+00 1.543839231898736e-02
1.795155760605005e+00 -7.384082931741145e-01
-2.632693826751247e+00 5.471232510856416e-02
3.459828369292323e+00 -1.461459220614383e+00
-1.259334340462537e-01 7.604014347070664e-02
-7.787786604518496e-02 3.812130273572495e-02
-4.651137135821010e-02 1.056030887492539e-01
2.699152060133816e-01 -1.999263813340341e-01

9.927423548803173e-02 -2.618673652057496e-02
2.829874502845294e-01 1.443569335179513e-01
1.210758056703244e-02 -2.043888460540075e-03
3.214176899253569e-02 2.025809058000056e-02
3.859131774196176e-02 -6.612589331867910e-02
2.253980661519334e-01 -7.292359243298596e-02
6.774588964477915e-02 -4.145263637875695e-02
2.417536911291964e-01 4.411772301358520e-02
-2.502760394621302e+02 1.757203206418363e+02
3.674192878801809e+03 -7.009742663644703e+03
-3.715005139912797e+02 1.155595056267515e+02
-9.378038062247377e+00 2.699260689122670e+01

3.407987490871974e-01 3.776648549051311e-01
4.541591924499812e-01 5.101495359406483e-01
-8.629145261560435e-02 -3.056691630687157e-01
-1.130967118028100e-01 -4.111850524267464e-01
4.365295256339202e-01 -3.180846942774360e-02
5.863917943832510e-01 -3.876289405560041e-02
-2.641753274512288e-01 -4.183375347464313e-02
-3.543157696847070e-01 -5.855505839233033e-02
-4.907756712361740e+00 5.452729369523013e-03
1.126447179015474e+01 -4.418614175974465e+00
-1.340128179873206e+00 -4.406759191865041e+00
2.033524101856173e+00 9.116627347419238e-01

-6.995685582101924e-03 -4.854659342508207e-01
5.816701775628053e-01 -4.526667021200798e-02
1.513975774345409e-01 3.006939220470214e-01
-3.491107767729999e-01 2.044069256445272e-01
2.266554299676255e-01 1.426023024332420e-01
-1.538005221726149e-01 2.826519551919449e-01
4.342348610206795e-02 -4.198091308900169e-01
5.067603134606771e-01 2.018663003611040e-02
7.645422368957690e+00 -2.892496141794197e+00
-4.171044324297410e-01 6.699777391328905e+00
2.037322905846933e+01 -2.959854930312630e+00
-2.087500625781806e+00 -2.622355930253518e+00

1.111615656672975e-01 -8.539525076316493e-02
-6.360074625285074e-02 1.541161385322666e-02
-1.713123920937745e-01 8.858955551723964e-01
2.407427018425081e-01 -3.456728521441766e-01
7.134912388669615e-01 5.740491742111903e-02
-2.936464983540871e-01 -1.595062140562973e-01
9.197898736368448e-01 -3.386095432913034e-01
-4.566257433128995e-01 -2.952822619179983e-02
1.086942620882801e+02 1.864442632375725e+01
-4.905725178552972e+00 8.255776612507633e+00
-7.287253172379430e+00 7.749680720961260e+00
-2.466673192233240e+00 3.979693285456155e+00

-6.230003264304538e-01 7.509082390801234e-01
1.495686831156329e-02 -9.369401106820344e-01
-9.425145336475987e-02 -1.036936369088768e+00
6.941415596882600e-01 7.198037477759038e-01
4.109590044444936e-01 -2.228098963686704e-01
-1.737484532741271e-01 4.139762972119764e-01
8.976946988124564e-01 -9.070605155363506e-01
-1.267518981874324e-01 1.219058607607820e+00
-1.557570428733372e+00 3.125881169463005e-01
-9.435334191355476e-01 -3.741855914469176e-01
1.289731168657307e+00 -4.081731140398220e-01
-7.071023882761263e-01 1.334932681414624e+00

3.433629277463717e-02 7.942440499007958e-02
3.118012315244324e-03 -4.167416420151301e-02
5.821403374006738e-01 -3.005263649546259e-01
-3.164041688345591e-01 -1.952571598759861e-03
2.943537065617790e-01 4.367343475781542e-01
-2.800590890110902e-02 -2.528184691527303e-01
6.041892322748648e-01 3.779456111541239e-01
-1.737275035915311e-01 -2.971327938147286e-01
-5.435536275187133e+01 3.743578735684109e+02
1.795614522366919e+01 -1.447494311875813e+01
2.295188307172933e+01 -1.125904096612432e+01
8.067177898229289e+00 2.631859389140994e+00

-1.866298957582280e-02 -6.312914257369476e-01
4.508228314754334e-01 3.856147621366087e-01
4.317095757672702e-01 4.732500572702271e-01
-6.017065761490867e-01 1.429896656105767e-03
1.055396837649539e-01 -1.884211850227482e-01
6.440253620657295e-02 1.923669931554966e-01
7.638249481558476e-02 -7.760884973646351e-01
4.915124436950944e-01 5.431393989058931e-01
2.847436395919792e+00 -4.918541915575498e+00
3.305592961606062e+00 -1.107753695563332e+00
-3.621852361088143e+00 1.579598257998613e+01
-2.910579721569884e+00 -1.419724265273089e+00

0.159433154108713903883e0 -0.134610879000013768285e0
0.452679615945295768075e0 -0.442899321990850486271e-1
0.632514254239131040581e-1 -0.367681036070252439797e-1
0.159005562075557991275e0 0.122829290083614763539e-1
-0.382468967044056199411e-2 0.157599767440008676190e0
-0.201874513951725049061e0 0.278092043785464384479e0
0.803208128435536547327e-1 -0.118691813959981226119e0
0.291008633225131189065e0 -0.113614011467729250074e0
-0.321555301697499039786e2 -0.382035000456367596633e2
0.199287009993018498083e3 0.375031591183625506065e2
-0.140726337522624819652e2 -0.666473799829311658108e2
-0.914518020830108809265e1 0.184128597116694283395e1

1.231885186431076e-01 -1.742928038565728e-01
4.615156649899317e-01 1.198237923966315e-01
6.233307019320452e-03 -8.949111564268143e-02
1.919448676042062e-01 -5.763559930653469e-02
2.717346333597229e-02 1.401099298397462e-01
-2.713525948510386e-01 1.674194195041563e-01
7.980714310476469e-02 -1.523907309146353e-01
3.814896301537360e-01 4.645710797989006e-02
-2.413088696866192e+01 -4.299965569746272e+01
1.632969229646818e+01 8.466193958444816e+01
-2.425728272811006e+01 -7.700210417857390e+01
-9.243064488576392e+00 2.197680743654373e+00

-1.120363475356942e-01 -3.613699606762531e-01
-5.894281009730711e-01 -3.127634633901192e-01
-1.460481351022965e-01 2.319149718563476e-01
1.056325067024020e-01 4.716885837627857e-01
3.174276950326857e-01 1.645390398451725e-01
6.016492618651740e-01 -1.888159646416271e-01
2.810670112414715e-01 1.529341034365646e-01
5.417361087693289e-01 -1.581273101928711e-01
7.283928531145229e+00 -5.866836077877863e+00
-1.608179781717847e+00 3.550604005950830e+00
4.113330967195510e+00 -2.142645129028762e+00
3.045375176774765e+00 5.307025928686344e-01

2.005017023796062e-01 2.881240529894902e-02
5.295817039810462e-01 -2.115732517626273e-01
5.357816138963378e-02 1.032698625400642e-01
2.758631399339610e-01 1.765862480475938e-01
1.443555530499874e-01 -1.032919635723460e-01
2.069205206095346e-01 -4.548848447020356e-01
-1.492980941336188e-01 7.304046278125531e-02
-2.615026872101506e-01 3.880410813691463e-01
3.183424471234119e+01 -2.481879234385718e+01
1.922228195799175e+01 2.861311294407733e+01
2.738745709382336e+01 -1.032911693970712e+01
-4.401906234548299e+00 5.927063349373422e+00

1.441026014938440e-01 -1.621299035972287e-01
-1.144076480888846e-01 -3.327751334129294e-01
1.750904465399394e-01 1.481168607229420e-02
1.603560323197135e-01 -2.356779715364222e-01
8.392896003727196e-03 2.143468696788905e-01
3.096402405389674e-01 1.588179102154899e-01
1.624493384896840e-02 2.035132691905837e-01
3.005804973437245e-01 1.390932733893218e-01
-5.003952897409551e+01 1.986180405270208e+01
7.893820839835432e+00 -1.232825186978181e+00
-2.481202294010416e+01 1.146955222676217e+01
-1.007363144984385e+00 -9.965707199804186e+00

-3.732350505331821e-01 4.358305995922850e-01
5.088068201619397e-01 7.640386305394913e-02
7.871564487202316e-01 2.783814663974612e-01
-1.628000814525527e-01 -7.307390850438231e-01
1.129425972990878e-01 -7.717277901525059e-01
-6.403223571921736e-01 2.812143049902515e-01
8.805604155332641e-02 9.489060569724188e-01
6.793955814433227e-01 -5.182694158100360e-01
-3.383113836190558e+00 -2.227497101660711e+00
-1.972028692987239e+00 7.231867404196206e-01
-2.727010453401005e+00 9.019694058800476e-02
8.242216690679095e-01 -1.903558822141366e+00

-3.220070091839559e-01 1.214503044985694e+00
5.905657591142969e-01 -6.025166473625145e-01
2.802211280676521e+00 7.593903620538689e-01
-1.384736631946488e+00 -1.372199495650137e+00
-1.891598411271797e-01 2.375531192030807e+00
8.977849973601735e-01 -1.324557260593274e+00
-8.205869176559305e-01 -3.177974966517735e+00
-5.740716372374375e-01 2.127823771053290e+00
-1.166663488910695e-01 1.738085207202384e-01
1.436219474775571e-01 7.368481449028791e-02
1.431784153131737e-01 1.168292936928309e-01
2.325685439575936e-01 -2.969527092663860e-01

2.088233019167956e-01 -2.957438619444746e-01
1.143628283138532e-01 3.266539162853824e-01
-1.895145745656633e-02 -3.485699109048672e-01
2.818656335258303e-01 1.786487522811399e-01
7.195898716043694e-02 -1.417828911219341e-02
-2.888865343539780e-02 6.388450746899751e-02
2.917244894852361e-01 -3.095392294100380e-01
7.910487048981177e-02 3.988441153360537e-01
-2.793537132092532e+01 -7.480701305070040e+00
-7.651331669304016e+00 -1.523418531298160e+01
2.737534305988551e+02 -1.020170032070981e+02
-6.486378887504487e+00 6.401378173499915e+00

-6.645670567366389e-03 2.399888068326623e-01
1.519513263028135e-01 6.367982641375142e-02
1.826806777313255e-01 -2.010432741109847e-01
-8.343539702401030e-02 -1.667014742642891e-01
2.125871380354237e-01 1.813037866721081e-01
1.686787539276785e-01 -9.116461569617587e-02
2.459181549807724e-01 1.052632760918354e-01
1.282650166133631e-01 -1.313263319389074e-01
2.681680322872240e+01 -8.941739174772576e+01
-5.439896267795140e+01 -2.992322678765290e+01
-1.629970094496955e+01 -4.604399877270944e+01
1.447033447811860e+01 -1.674938134770577e+00

-2.686129365874346e-01 -1.848270119912016e-01
-4.612924346545324e-01 -8.381263672757864e-01
2.978784935567495e-02 8.496976267709129e-02
-3.366953501018768e-02 2.620310514900276e-01
2.475653652856050e-01 -4.887873130677216e-02
7.135690961078791e-01 1.975214898209098e-01
2.351379812970631e-01 6.016411899509710e-02
5.375146142059326e-01 4.671456875906341e-01
9.604726182676206e+00 1.961949591611023e+00
-1.834282045110108e+01 4.911096664141297e+01
9.463222121813388e+00 6.444266829000381e+00
2.635244321487074e+00 1.201423902753092e+00

4.166693700248702e-01 -1.017446709015613e-01
2.122540527896230e-01 -1.310839160178492e-01
3.976371728078383e-01 6.454014358079402e-02
2.315738620684253e-01 -3.567222696697699e-02
-1.259898783109711e-01 4.063883811285653e-01
3.246717136916724e-03 2.474459874245576e-01
-5.298644621262442e-02 -2.957593884763950e-01
-8.240485030407770e-02 -1.541143097711343e-01
-1.511991450424477e+01 1.406745256334033e+00
-1.383919958650877e-01 3.759961444583991e+01
2.429204945244579e+00 1.559467733185580e+01
-5.784979224184164e+00 1.295324363194818e+00

-7.738386394677449e-01 -9.378289479636259e-04
-1.011447469722187e-01 -5.529302637837950e-01
6.317760203341597e-01 -1.718099260271301e-01
2.058591907990548e-01 4.287164435213060e-01
1.554037241334624e-01 -4.678404667984501e-01
3.546576708458155e-01 4.946148506669967e-02
6.185471860401289e-01 2.416721520067214e-01
-9.126040571265771e-02 4.736684049626116e-01
4.561468545398328e-01 3.280171864606783e+00
-4.098835865069197e+00 1.643477671555685e+00
-2.290337453172409e+00 8.029768988748179e+00
9.176783771988097e-01 1.653757240169705e+00

1.221228163576336e+00 2.513617281963220e-01
1.720567318601693e-01 1.845285708797814e-01
-1.365697133917660e+00 -3.957796761800069e-01
-1.789768720414985e-01 -2.252803942282545e-01
5.641208564286628e-01 -1.088543548882716e+00
2.205908185845079e-01 -1.135274501413414e-01
4.301267470051829e-01 1.147516994653835e+00
-6.344931149570135e-02 2.397237757023809e-01
-4.133598735702331e+00 2.625343703991511e+00
-7.213761088545787e+00 3.566444851078862e+00
-5.847399989632518e+00 4.819251184163768e+00
3.645756555840905e-01 1.816357454611333e+00

2.243832969094239e-01 -4.375689729461998e-02
1.450855581182143e-01 1.074713212309598e-01
1.679195030668806e-01 -3.801129291015035e-02
1.116453721536405e-01 7.762118005671730e-02
4.637177341610497e-02 -1.661001951275814e-01
1.215308218408338e-01 -6.148983572929373e-02
1.312659501001005e-01 3.115098591601522e-02
5.179772439480143e-02 9.311473385795321e-02
-7.272638106139817e+01 5.058684463122211e+01
-1.471402537487341e+02 -2.146492974835860e+02
-2.484906481317313e+02 3.498411652641776e+01
-5.512743724304947e+00 1.787636115490643e+01

1.196770216378477e+00 -1.565436521382087e+00
-7.440029921594138e-01 9.316556442684985e-01
9.010595983467324e-01 3.756787791131798e+00
-4.969792156996438e-01 -2.284125619188649e+00
-2.549373462036507e+00 1.093455620854181e+00
1.556189042330578e+00 -6.288235265430249e-01
2.980078073300463e+00 -3.202865789418360e+00
-1.843741260460684e+00 1.899352400277642e+00
-7.962476156190154e-02 2.711446113790402e-02
-8.180096609222198e-02 -7.183855773138501e-02
-6.748469693479345e-02 -9.566351937164386e-02
-3.012242618977692e-01 3.635325972103312e-02

1.131182019078296e+00 -4.418490109980918e-01
-3.144200975529766e-01 1.002874267015480e+00
6.430395282412897e-01 -1.064611347662011e+00
3.703392984947135e-01 1.010674703828848e+00
3.688428025600390e-01 1.964853897724683e-01
-3.324028604987393e-01 1.425518810919807e-01
-1.454549428297764e+00 2.960647346742048e-01
5.879687379751407e-01 -1.142190617722880e+00
4.255737086230604e-02 -8.449736731751740e-01
4.143720013827321e-01 -3.683178614397863e-01
2.447000234176901e+00 1.616519738843759e+00
3.048934104210572e-01 8.262307221676445e-01

1.721345071859692e-01 1.269269413518741e-01
1.541490768829693e-01 1.176242047167184e-02
7.851648368265610e-02 1.815125936898387e-01
1.177180904846389e-01 8.111067162653335e-02
2.053229534874190e-01 -6.989815179385811e-02
9.900533039921060e-02 -1.215682129669673e-01
1.309042930493812e-01 -9.899046692480826e-02
4.224926482775560e-02 -1.108557954542844e-01
7.160160522731229e+01 8.515791872610433e+01
9.152753829725212e+01 -1.365227933525100e+02
3.763633283115209e+01 -2.881105857674664e+01
4.518605152833120e+00 1.893331711100384e+01

