8

-0.5550567357111147805426671227922490743260942400541936780888567907695812750125377921998977276621089716441658120797994862336292033032713754317825473011701855697577341077749014517312526970979430498652994427527480262751085839953441035226813692445201332002375913473931406198452620286706609817096388436542161609266708e0 -0.8462680219859330978964438207090436307999677305129817889189911788787114810879157017350415095608261613987401102803281445254561414927081027431765445458927596884977989022170764865077637011328401967246894568821092820330074292268332229031674377279187034444671363812287512098935293607917198902399383644387836783853368e0
0.2333130340157859337376031711382712206935421817993655934536566564833315265766976944043840432901306936020881902971115985712516751348433790387944116633114023506152485713032498135264471842616684045311785639170454958243659502743248630913036876438950960357533781320296787538927990879051389428035592090140842246188528e0 0.6497627251687264701287916933255184995067025137441043677975972153147922920530982868255191284025662424736746770693695264541192643262451122085059143061501650135753286750042538917025216785341925715861084926467495115569421461434144345145211300495498565325781728691667529322290405666414424073841278030285772405606645e0
-0.4380960010483397772850201400898881248769833354924644338500627163891147785357036427085168555089614117252267662508892527166864030778195585949469493860705880009230195665512042471773658664113962145951885660727749588576715676815821091208842509878886194020833724713646531354019305028059630261160584675525512016730960e0 0.3118234877064324049104613584866765560880118593995744228919644175666859901258357247275573524805374887547614099136551360905826072058531783035902233708386382210355382289020194849965982038115499751787189681434008909183159791363585190854600184911060158219188638013968904777426251786045163972184150793385971172192549e0
-0.2383653111683524179451146731012183538201052510001151428276788987661789327927427667208847185586837500422924892088584777949333487529029094828150595377062441872252073983077381047573409250661006833556032160170952621907870026726768558774663111710774115793810320320340505701387884692955550234508948078220184985190569e0 -0.9426704031989113886382100154675739936612559276210747875637044479647162301963687885148700350446258453330730436708168837454032970824969780357438257267743480522166549914479967971423520859229012060399831877110821257074310327530043564783452888283333831508624607187618703991089337372880290615678832803559675569969712e0
-0.7580013989477498840080635635137981577695781992801501167975860312357451239690413891253462870099611150882306981384432674301171902196514919701563025402109614444045605213032344358854039952148899528347514943371313201869185210431956764039342056771457618446813780979982000257968636828221526935597832008295899083804641e0 -0.2777949820992418526752297380102932882195133268214851784970258531803987853113315236601849872614450376214842811280495185238758912737739587409978596767814527436393839180569626395010259813392076506212411316936073622149436201855493343797303246464327383623638901021015024399240405595535825597701976122350850076009382e0
0.7989120886595206735303913625924118039437023994091498768442756055219633809955140386325989269114479197729672027488924467326887907279204026980215566718321336105314146587201230615382029613405979580928042039577088038155418032525897330117894976847139673728425702653953453618871797505625321028298117237119585199549029e0 -0.1191411972239421109440352791690551121272616217625476999044209777302386109882471246136901286394037131537627576593910929990260109919603426874639840832029823547354390988956404146528987367577236220511994456979240236871326507688734509486664822437155235920326970554680179695220560386832047812223274296251506555109837e0
-0.7991807375742130923834636002144729146460606092957096032992508838270178068000521976577284279960215531775911842985565507083757201753809906708153573542686279688966000003000899620085107100462920826917404674893734973823026637877740413713567879745545477115182779033818793078761123643836176166325150954184544302929540e0 -0.5439094641181794665142173599016060118438095080003435233612245214672926269536226301963798502224959680593701874262388747094171714555449357295301351233928515942318192289088438865637061739198177263973484995173783754559586641625087042778696724554425395357917061477834754036086783632248939334919709293079989835180057e0
-0.6123591777987358029358370352843288703106024393656619432766561806345999871996519264919006034066378629145587662664196105578952195951457124704007551002630311972145377480206776503647375866538840972106244316925354987513328291105835930321404045316241292842296894936363491302488401588113560338383079507596639271121057e0 0.6776619363405177939178140526142643006568276815304291169773567718692378672162565337255681923212988095832445007567429303590026556129343991375245993176050778969052155223069651302131663587926643520482923732451585483429310068369981569528858721419869351335040381944894227710850063848547875794737004321515985602020983e0

