16

-0.9693684526237339775334055115109109136512049893833609446029513919400205909714538961993171247677101466365794609986014243816341172344712849163369204664881892627356413925459536385864844078674199968743717846717247564248122748577212364699975773750540451774174446015126105037869509036645729819567507889239493775680479e0 0.3219633851076213425902939227174791108709331470177275083634824355093699467305096699791972321359794107721188604026472803425315943453482757853357768524795108415560891418446697822459560875390269999524986250375198963088790087418154580131147565989801435723966978519854089299960086161737620368889577276667687473269306e0
0.7120267638991744143503661619722848381172181973168917287614825968350276544577678042843807882230488582390279042539440203963383169287395949716614927867028962881621158329251496869340339698796730169366869448049418864810713167967664704660197957715176417512343386987582806288079199247019264839670686512615569542617585e0 -0.5930511866045014007608307214949578042928011729518775989566084195630333976869662182368016497755719381523642138123552398786715769760189490273551675000306816466443578508045941763923795501142065273192385892952242621870963613945442812065986010365304098124321806218747136670680153323935180616184986215260891340878085e0
0.9197988144582267585404562169657870746490599763203974140908395584974786427705903295048275963555070111840240733341825601418106787089149866220296067688576772499329977000961015861914610295968547856125440534053868153966094683434537930258379194678672463269159809186418554089243878415816583838940565272663224068930416e0 0.4790602318825441167282188620750542787978067878519571162717594508214681408175684400280652133556758867809727744416243629749818105787125972315483256480004813429017436333646060273822271351722391744397402119635866869592665066343097781784208659899688685568265673746817901892052828757281899784567735421697840401349382e0
-0.6155808337262811590158510869000282263304835653355916173914082062949404616458051452070231026456746593746768194595281817665778262273312066348577112211452605055111280692215576783300957951518684307990065868441569394862208303083786493292636412075734477805070255162324433555855080920083916893131071837627377547387444e0 -0.2430818515149150415246446842133711213578271018945999790918858225374989628593477894674117802963370165839154747466278069513993335735378588103790703870439501437095886288746234832125433760098603832542105299416861741180548941424590859597345836070056310522852552093416022501052763190644493512325706916813211211838894e-1
0.3470680051897752105595046308369511262406301398291249572567074929805823872792136450642778674411002371855098863920848017761482636968079299553149072209943025243070409713883638808025063668247298352637759170844162402325248675551908088036213703511901776439268827870562336372525049961664487966742802704991098903284017e-1 0.8643620949971328210065396114331899802941273250368066397176890156753011499719258544350670604868891071539068412763269132701937138554672224958541337730489194793346961594814864869013169996101177925786058585571719615895578772459027558600353898462960149776834736116204058670431583396984806764300899812822272557810366e0
0.7501068980824003196377656806084299941272855769452471504670692084949886428208862878190100872583752273976431483428560439261556768753466423873045119627753600800565281281256270388910000771007442809970088131382803264004273387749288798679480638419349163948451999547351728610459756405808526225048976094979229776477744e0 0.8665099790711658318224825524341905483925449143537714864813328056097791466339763114152270032165893908225983042766154507915242505481951638597328537393860800288199291949320435702572256869774702058928672792184152258131313321373625041254067773235820020912487376958830900664308693637823484065394502110361501043283847e0
-0.3570998368309923978628346964051196273757680325861635055222696272282875663867499484099133231342172629627816127457552371740912839441957580025838643845255838633353024919023700774134720245749888166101564082565167848587916586438666323835082651206670543466738087476113253346119191085139996009939136745859558928020073e0 0.4614604550833515979005758575434196427045360213331780232725895471893313931712616145614198028070024860328252809167442767193292355030256988831686472290202657500482644683759168215728898620903103376368293509198002977630951947257933076788090236418966329119205690210289019280375842782398190572186563760244716915226247e0
0.7387665790568029088568632410876189287613058668290333975670542031528425454217927347991222987331093374618227772880247347360370723536215555577281583663475579022181231186674762655005884183836118582573496725801890152607493920497254181003008765798267496480584739430827000907631454485559678665777744276273681010290475e0 0.7722647730294712807158960891177937118391051578750211115254916528566230588711571302718962482306564603804025609759747114037999016174980457032872266763820143996212288688066167895853645160832034768482727425340445716022374693623461045496036665246669392392838707443276221759234340429432677335434478779953087859917144e0
-0.5840606801809432167321574639627133500776461293195264112049778541185813263079168005716140843214076301254960267182238668922601564570217723209508419093419048094740468170334805979691891669407171675390410497536746850702864148285053688795380244836135619291635475652572164443539616977210141065100201307296956756725899e0 -0.6178978329281579931742565878578996808384111738108228789014024685721811941044921343160859670825539981212103591636787746363132683427634206961087858910480119548982228053591624078586748187936920871997392051027860580496840969496270313454250042762608633607694081516542431279656221134344841808664083709899188051301463e0
0.7501945387838325283879381089939775821765188877778364558944299768230850526633357327393767734483389672989397014933698322566588419743619129800136078520960710522532954405444065484287728634483962361029680839597517005669418176776566771181895047225256342426451021023330521400225405658401011777596009014307229183928856e0 0.2454571131936251688676886688182778232107123982370293311234062358028274382417955455572934634689120211296457370441033020097020527188509636025508320165109390567628370457788754582040811233654096816786276600802193571090083308618576064697864316793080165822785119383245877074767908413589328544198176152302384227435462e0
-0.5831035282340667645626337498802853251612149162613632691851315314325079027809740183070014422193307597415892793249051854555010197867755842805131114815318863467950045172562120524605971238863312963475621388311482446338759813077513787983820320256043726456600523131471471671877517568495420414255889835558426811793781e0 0.8287744202318394977123269531570794922355597851789394990198276060916484677233633047943300067572315705301618897610149472697224525211228140965288470308993638742453507787436123626078530798775209144647234398954626009449695286305002959886205287953048231219660715437471273724597927612151083715174581694171606920530090e0
0.5735847651583813665992590662990828824276091813241599876528269970994121748081611147383874226880358610297298639683698144681062398937691418917494673912768899790715985503542331820748155894387720544907272270936455061310534780473521887174682930028034802219255242388669584594550260032265100099784725187685333458928518e0 0.7528852269788836183448926231360165731291540478440829674952674746463829534600813945320433039802118210370190856334733985359711170935599477297397483871963061745940565542634716132839692375437176286069692158737732593991603936218828069932853831093901016920443317796329520047308443662209021226484820817623173663934150e0
0.2400607388508801326440035933205817702934803515851008509104533199498429981643748708216144654136251620109923714477513915227658465121785943111949898766288327127582298211273028121368024762601220237967347321308984394704999260546686270416416510085817534945765539056393808737915356649745038890574279654441078185890723e0 0.8552872934165630669895597742445445711975701735899882139546838362462158500063822149013930259507373815715494368242591613116746662346717621632291471376939227467511409418621497519776563158179671940168141129976020267516543236607572863738937675097079708872752751083147407395777014225699614975404486911905500828534352e0
0.1904678868451643301708339736635671876680327110428749543642668690186768448702595776074405355871647440993702084469112580258846402105374459552332901015899955267777542079320771128149561962954701927608991267582057013446912277148541361797426373488148607642449148095691638155539179699071577706391488095372135593408511e0 0.7091033520488029059605872895169446888571673593670154920607913530400821586404630325661810952163498277702995179405168555843713707659108353081140403376327351710180189663271699961480691879644753702737063191041190569325265315717878155298878365399386722233491743789381697178571609379161810335264512089734702184142120e0
0.6730469863939948747832444334900929346179454796476064964650261402785384411572026742356273237159811721016718319145099231610845846784696213094052052383003907076107574059183870225709336663692022489633467710328361156860357194673990213439741559378217905009259515553891611263255216564762426055847593423327799529407065e0 -0.2551495489212576598024725577320522548252321596148948643599476424436009555819809818399893536579160711843686174625263988644112855320625255103187068179453817732778849424090373909594278776946635289855160977071538410649969238381115605507761871136499705843978301296967264850849691443200327520944004926299091775459955e0
-0.2437387268286588755952104442201628757977817705775268371622255365656394286178833444740961426951476674689080812088240148964400935087474617555455126923561726454656156480594635169005645139407941984386241090547767704908005340653902152553462424255929695823091098376421793390567632584686882624088622648827086539995208e0 0.8754182219297483910558114783232280385506036821624298879627585715281406381491642106584070387911219941604996262608037667197831204177864024643758881883028100343393660229702042585312173605796878866013676297325804277607446277584735344770163203279425600304014152733097391642857600092780031326008230361162201018128869e0

